0.0933401340407593
0.6860541415414693
0.1141169722339533
-0.0666173147761934
-0.1392760525447304
0.2053166012371221
0.6572012341590522
-0.1714607874272542
0.3681760850381588
0.3124173700061113
0.8046645011881992
0.0246320745334379
-0.2410748532055286
-0.2390452435821718
0.3540526582581355
0.6559614796428147
0.1668982199351920
-0.0316262744756522
0.1026682342738938
0.0006178152627695
-0.2007463016189082
-0.1059052354528333
0.2591205207091104
0.1727648265778675
0.5463614453074932
0.2060306467783949
0.7749044686178045
0.3450099626304391
-0.1668438112923588
-0.2722546470862207
0.4613175365033259
-0.0688808925279091
0.4876088247873218
-0.1328008977899663
0.1395505520265143
0.7123889140377304
-0.4836694116768099
0.0563967699056123
0.2558965938529911
0.1209333966638406
0.2720309510334050
-0.0656209150404991
0.1667224350305600
0.5629637145981529
0.0279733811934362
-0.1753722570009562
0.6289245619094720
-0.2408828106403344
0.0109895064505120
0.4639786496027941
0.3643825357859279
-0.1462576072534149
0.2755786663259969
0.7626600623037085
-0.1605991725450412
0.3090967354825677
0.4239620908327612
-0.1660677417050027
0.0899173911254028
-0.4134632069061184
-0.0414810153980683
0.2211476723632821
-0.4834273632739282
0.1090749044592274
0.5876656832435183
0.4228508255972805
-0.0035394193332439
0.0067673431486395
0.6142324012650836
0.5415320255931111
0.6662897952694230
-0.2567681011245236
0.3943030539075540
-0.3249636514229592
-0.2592109123648592
0.0756804600997887
-0.1004971265454483
-0.2024102234047436
-0.2343894272603635
0.7276811898853612
-0.4238072169029579
0.4373413001417120
0.3340560044225281
0.0727790539364555
0.3069308622471004
-0.2662141723307265
0.0845103617709708
0.6800181635505067
-0.4163459074398055
-0.3360670565091836
0.5806128443065877
0.3274369290345459
0.2394796263452360
0.0333947390195383
-0.3771149189664584
0.2032034941259458
0.4938126921742482
-0.5390387434074475
-0.3589619513411235
-0.0580809581843795
-0.1667505175278226
0.8109930601661941
-0.1779807375487444
-0.1951015145272668
0.0541748148138725
0.4062453129536024
0.4009294358330784
0.3559729132786354
0.0228255087691994
0.4228159064328829
0.2449018804995783
-0.0529444496905290
-0.6689530848828285
-0.2075725267450509
0.3206644245070119
-0.4284145237670886
-0.3331941232023453
-0.0930000677808639
0.4214983832364820
-0.3765577193530941
0.4358402661379421
0.1512802789997447
-0.1374902107978875
0.5499758777509036
-0.3292995848667092
-0.5515673862967275
-0.0306234793018840
0.2338244396921551
0.1373017149042709
0.3280242794549517
-0.0396575957360030
-0.4600124683738455
-0.1905399874044222
0.5358885673864605
-0.4234577715988777
-0.1941696341418791
0.1584642255502673
0.1148097325092451
0.3031536814600940
-0.2933185316107851
0.0334386491933152
0.3338706384494502
0.6670089793364309
0.3162033736554433
-0.0534775020600370
-0.2860087412395834
0.1015087452966548
0.1673352881641037
0.8789300757273634
0.1507889521404068
-0.1324676084848503
0.0628004005347674
0.0499442857761327
0.0884307592818178
-0.1169582965520687
0.7482386293608470
0.3525063931539225
-0.2680650655425327
0.3513911221794276
-0.0853304816494836
-0.0704778915495820
-0.0617139981374358
0.6902805725732311
0.0903489651835635
0.0797988100974469
0.2285028801346047
-0.1108740807332608
-0.0342410348935873
-0.0913762965002944
0.7672606444595887
-0.1569496888320691
-0.0290764185046081
0.6421967424513336
-0.2283166105304799
0.4140061324816589
0.1667889973061313
0.0425234771602614
-0.0477105332884998
0.5270370487984790
0.4172383059280461
-0.0398634616353335
0.1246625331840573
0.3155503882502612
0.2989115768191654
-0.2394254910002108
-0.1079234805988628
0.2036776372268153
0.0039938362961505
0.1087616996846008
-0.2152166063927961
-0.0987726914587986
0.3132464232758375
0.2077859222565748
0.1916612288407032
0.5852604289917288
-0.0965763661550613
0.5387251901249145
-0.4746750823671499
0.1183249281068822
0.1188023468197300
0.1576599644198305
-0.0778213898109129
0.0390475212134305
-0.2753629207868519
-0.1667957805618333
0.2982631522228802
0.3004290413442212
-0.1678105779896627
0.5399951888059428
0.0927094453016263
-0.0718099118550194
-0.2316273186151643
0.0660533618606712
0.3058283738511026
0.1362918467824306
0.1378261646142969
-0.2972910020105756
0.6255264305614534
-0.0970429325929890
0.2609739358846132
0.0247896308350469
-0.0068861222192123
0.2677066029234907
-0.4702699769856428
0.0824279134823609
0.1145147407713337
-0.1665667741683119
-0.2002132985368708
-0.0703638000016907
-0.2766829744906685
-0.2689678549419581
-0.0129917735283780
-0.4116004116217540
-0.1280184375936180
0.5096898917393244
0.5005406207063796
-0.2764035849972289
0.0252701937552754
0.1726861126056667
-0.0319968093295305
0.1780767145991415
0.3152089679654883
0.0115836311591695
-0.1230974355595548
0.0651560315080568
0.0056991716997899
-0.0645946007597154
-0.2864550868099110
-0.1502645034163831
0.2302620247829236
-0.2973114890340599
0.4402467578653197
0.1102560125293956
-0.2345120624178372
0.0968553261885625
-0.1779266737044621
0.4673881286427899
0.2720929253101753
0.2235944692351439
0.2094866592907782
0.2724951583276031
-0.0006480806667684
-0.2880690696679136
-0.0720935299588807
-0.1041298806806914
0.0548392732339581
-0.0749548536058384
0.3812335824060104
0.4186518063509943
-0.1604944395047772
0.3208265771040006
0.2360916997666123
-0.1757217527356035
-0.1840624527249632
0.2619950643648580
-0.4135515818147242
-0.0999039726268779
-0.2051479592950285
0.1172287206154670
-0.0705258398672651
0.4895823606389004
-0.0880276051075246
0.3333797703624445
0.0109101333315965
0.0975114055304968
-0.0036691078174359
-0.1711439836169594
0.0174968839641367
-0.5423217514215165
-0.1417284336431236
0.1674951754847580
0.1228136455839856
0.1851602053773002
0.4792918229187838
-0.2649420273979738
-0.2408231460564216
0.4321922668687881
0.2986191835306079
-0.0447753933343727
-0.1462125268013201
-0.2340358419049292
-0.3122389507703823
-0.1199349965983995
0.5123666801452320
0.2907578158155970
-0.3712337505236828
-0.2262090776223434
0.2930798851955475
-0.0886785973715136
0.0356723869865528
-0.1174773900528502
0.0344122229220952
0.2621392868214819
0.1145348033377562
0.8057590750460338
-0.3750401951448059
0.1948097557581653
-0.1518511748345531
-0.0612251027275866
-0.3664063002364218
-0.2286953709568476
0.0794745897947664
0.1362613402162708
-0.0599422960109905
0.0621327207148850
-0.2738963598562302
0.6941229136816682
-0.1315547348921283
0.4910625554894339
-0.3731485648866886
0.1608275591116921
-0.2446911568741912
0.0093484011773749
-0.1606183752476372
0.0404646019926289
0.2650983999533088
-0.6001813807733217
0.0125240037060181
0.1245585600073856
0.2324643149757911
-0.0863553949917699
-0.1025769893267504
-0.0824755941436691
0.5084529770174113
0.2323283301101343
-0.0695410904988571
-0.0683393457811642
-0.2468167158430021
0.3727632682775693
-0.3594411966159991
