0.0809308524696380
0.7089923387698009
0.0723335513244574
-0.2470927330597950
-0.1000534954318735
-0.3077234440578954
-0.3254296882026361
-0.2685549333296011
-0.0637499334220184
-0.2867191090701890
0.8036026558569028
0.0378538830790066
-0.3292074510085922
-0.1404916906430608
0.4062496940137455
0.7061485250113168
0.2380063611971567
-0.1953552728032620
0.1410218458847018
-0.1574191343169730
-0.3746959615653053
0.0528630186131972
0.2116732320288996
0.0392549032896721
0.6488992181019786
0.0516516641975429
0.8979209313423158
0.2096200982755438
-0.0302466084628808
0.0032429306793786
0.5775088909073223
0.0434921458044769
0.4040177483743060
-0.1334595963715624
0.2440021767566121
0.3106598806202850
-0.0937571353834667
-0.0651382204966928
-0.0083787504705069
0.1541868126781989
0.2867893526806850
0.0332007906510536
0.0084668666322541
0.6904308232473035
0.0200477279532310
-0.4788116835990056
0.4230949606683105
-0.3160493485487063
-0.0925055444622216
0.4976586373711280
0.2701730581058054
-0.1420557816267250
0.3950841207093677
0.7791407972234188
-0.0654240675534651
-0.0650113287369509
-0.1850692576282735
0.7008901663620168
-0.3001002580114396
0.4929479120301658
-0.0997525171045109
0.1155495118498005
-0.4627571458911599
0.1972278424230642
0.6261543373700671
0.2620904635002074
-0.0370326357084422
-0.1251456806305777
0.6145533148493606
0.6051600567552755
0.7386608876307083
-0.0075999891504462
0.3126754239399647
-0.1362040424687151
-0.2288373616770689
-0.0022621418785600
-0.1928146194969573
-0.1707697135354465
-0.4056870915734640
0.6074083898276890
-0.5685387352656813
0.5121812527370416
0.3721709914236102
-0.0025359012574217
0.3226241249275956
-0.2832892909618948
0.2385968819747155
0.7575344037915918
-0.3292955517068612
-0.1969275511630684
0.5757343131106527
0.4527350549270691
0.1829611070103096
0.0934545747737912
-0.2493438198074337
0.5112228554166506
0.4528691933737186
-0.2099649425386482
-0.1779505313672269
-0.4290460473143733
-0.2733911663566472
0.6879662273312908
-0.1100050031913390
-0.3573769254977892
0.1246270794103131
0.4899083884627797
0.4076715127165071
0.2888260696988258
0.1429452190780677
0.5909831587533004
0.2672142087328634
0.2658863208086120
-0.0581773562191101
-0.5832533250078449
0.4074203105253809
-0.4290651790105351
-0.3267698454584999
-0.4631762846984333
0.4889562261306845
0.0648032237615831
0.2767074030292583
0.2582725841030031
-0.1626845686110627
0.5470112389745810
-0.2243493322735363
-0.0643887524282775
-0.1605122404171607
0.0984947271189939
0.0068688657580046
0.8319363906659274
0.0097236708015915
-0.3483896467608857
-0.1544334819944644
0.5646384476644690
-0.5642794174357058
-0.5198648287576724
0.6284803708161522
-0.2287094044362123
0.4135379379583202
-0.2044513962786459
-0.1363866924636866
0.3390228747758611
0.6414758544068050
0.2386482398651562
0.1466025082447235
-0.4853544544760857
0.0032175876256346
0.1614077088650033
0.7639271831187165
0.2025723858702526
0.2368221871823773
0.1585416700875436
0.5275373596898539
0.1581597884607678
-0.3786384494529056
0.5949707885662324
0.3930295135778443
-0.2787532707077114
0.5188121404949310
-0.0335868659989446
0.2440919658230039
-0.1888133862621959
0.6115101601855886
0.1133577328150535
0.1021036073660569
0.2004201391555231
-0.2323665495529724
-0.1166961798777772
-0.0614959899001399
0.7922473925191120
-0.1186862388960284
0.0563070707526717
0.7053763960962453
0.0052514793188430
-0.2028252624359236
-0.2055155918018975
0.2121317598588638
0.3177761084816740
0.3834422259569811
-0.1241836529457614
0.0103829550762103
0.0560395022474637
-0.0813504820212065
0.5738030057818783
0.2745293707789820
-0.1376920279655763
-0.1055836284364614
0.6549823038140794
0.3274583124614471
0.2732588231177940
-0.0358574692721709
0.1346235144297488
-0.0552308325966371
-0.0724711323649380
-0.1786723861552084
-0.0588725153335033
0.2260911130053786
0.0238346617686393
0.1035246306945192
0.5440652538734609
-0.2719656972612908
0.3630148445349322
-0.4210765710151483
0.0726433167894126
0.0326203898653558
0.2476404764560546
-0.0169957680638736
0.0282567570287353
-0.1836564924671280
-0.2237439024073146
0.0513853390281119
0.3498527951420463
-0.2294283385381853
0.4693249126723866
0.1614694383905990
-0.2454591289208970
-0.5992729695975454
0.6161417187689299
0.2553278722506196
-0.0491127039417099
0.0651301327250656
-0.1289884132434609
0.6030094422980455
-0.0338465115939904
0.2320244275609827
0.0973162813077834
0.0211293492990019
0.2379389027198571
-0.4078856990059254
0.0521427578030562
0.0151188787754533
-0.0249328294634976
-0.1686291549021566
-0.0009434974571496
-0.3318246706912382
0.0235185887002987
-0.0797907048575242
-0.0512989338925225
0.2485834209971638
-0.2566575236985871
0.4767906480917802
-0.1947312489497234
-0.0048084377093587
0.2567107088303744
0.0203077081019328
0.0140203025383167
0.3380567198039175
-0.0317526394962211
0.0473524793622438
0.2294599273626598
-0.0855509378236797
-0.1655099923919973
-0.3192428108942454
-0.3438904006129244
0.1753545914536112
-0.3331091188658349
0.3794494014603705
0.2171279166443024
-0.3089877901540036
0.0506618383818458
-0.0979026500250847
0.0546235811250389
0.2410095005423283
0.2295891467567280
0.2201468760907007
0.3107250111032123
0.0980785000191906
0.0452528898652829
-0.1529344922107064
-0.1006881531727922
0.0657487097664258
-0.0251587161618805
0.4260380585190563
0.3516622749916256
-0.2214711476752723
-0.0377511232154978
0.2539638925445165
0.0781881180831302
-0.4059614445019679
-0.1920615112810470
-0.4769217755267479
0.0271936488226488
-0.2357536581757380
-0.0672634881656708
-0.0911615324062089
0.1658412413933974
-0.2426555661882464
0.2127424199670155
0.0572437300635418
0.0758785705862288
-0.2146830142564360
-0.3694974010065761
-0.0014208088068747
-0.4069574993791427
-0.0103501092141933
0.2227525954637971
-0.0526388161907180
0.1278735305551860
-0.0565058354626622
0.4235333607367745
-0.3660569753377939
0.5141809049968377
0.2454389964197429
0.0444293021179763
-0.1418242644340635
0.1860458743484208
-0.2178090540028169
-0.1759304994068537
-0.3939059968915852
-0.0074854632006215
-0.3465040837633598
-0.1851620030232473
0.2355995018284738
-0.0125611440062422
-0.0862415870892645
0.1725417311724253
0.0106979112149617
-0.1257307894102241
0.0839832998876508
0.1299402620622094
-0.4491110031955899
0.1671191277255258
-0.0359336164447922
-0.0111874676349493
-0.3814180523129844
-0.2814939383045990
0.0725866646453257
0.1632095733515765
0.0141197356617124
0.0490259787138725
0.1341519231678653
0.5762614298232159
-0.0797032441831806
0.1641984994427106
-0.2978503016639643
0.0584024549753690
-0.2866531431870017
-0.1084956274447310
-0.1759783274400209
-0.1233674083276388
0.2757709807689441
-0.5085741186726439
-0.0455005276630144
0.1930874850680882
0.3653744329137924
-0.2600158419819535
-0.1143110019053542
-0.0348747917078632
0.4226185681473669
-0.0168499218616128
-0.1906577744902776
0.0770959526209420
0.0073977598122334
0.6109686836544678
0.1684931246436349
-0.0327611722615685
-0.5572697021942594
0.3595716195560060
-0.1481624902992118
-0.4318166208525548
