0.0842079921952820
0.7006284078873377
0.1321964409322080
-0.2947120492863956
-0.1156542880163084
-0.3329178179322055
0.5162712681035805
0.1716913736551105
-0.0420262027257741
0.3838036359383589
0.7981243266702607
0.0134912482415811
-0.3117020476852371
-0.1876262332638522
0.3488279302748591
0.6544519887182058
0.2228510980036607
-0.1795053655402166
0.1572298716866032
-0.0871260722266207
-0.3947403656521012
0.1339335845573398
0.2311010275635004
0.0473784846367265
0.6925055166041850
0.0880906630759192
0.8319881165662624
0.1996269906809837
-0.1022351728310204
-0.0449170819887969
0.5957664417638835
0.1104145319645474
0.5015099746908159
-0.0909028721167912
0.2180672054582954
0.3895922926410013
-0.2412160585089310
-0.0714140086527447
0.0411949666060317
0.1817416115097488
0.3703994681453717
0.0316234129332409
-0.0711063123930044
0.6888750387801745
-0.1141354685474979
-0.3272443315683436
0.4199139471189752
-0.3937041797708894
0.0351539415358767
0.5779911767512613
0.3213729598604355
-0.1161180554419569
0.5028902364929609
0.7018993463372969
-0.1682223160952009
-0.0026323280441426
-0.2064958786250821
0.6946473360211541
-0.3082357372623257
0.4645488637754156
0.1798060493760917
0.4629365400149452
-0.2930317154411229
0.0907032668509781
0.5654532520108727
0.2357033217867542
-0.0255191709911893
-0.0085257708626596
0.6421292888112788
0.6302966179602129
0.6856092210897685
-0.0389793439761162
0.3760165680691221
-0.1425252418194378
-0.2388477613947945
0.0009658530850287
-0.1962021698935436
-0.2629742426940211
-0.3262287203146689
0.7047034569576571
-0.5803653240367971
0.3155090136522904
0.1013522911589600
-0.3129669594988014
0.0429328402305949
-0.2415271653702154
0.1637358145980431
0.7926722860328684
-0.3783327728540464
-0.3014710029726245
0.7384285530819770
0.4231965525212532
0.1040477697157799
0.0426207746647510
-0.2525271649019389
0.5146871715031452
0.3572471656619467
-0.2830530649939786
-0.1888705824931430
-0.4230013952111473
-0.1418726001802444
0.7148855659575403
-0.1733224839170479
-0.3723965905701621
0.2869746069989074
0.5090314243994832
0.3044023100448199
0.3294870564803544
0.1701995090792053
0.5302454180865721
0.2125887521747345
0.4832039932029943
0.6327055586822903
-0.2438025853575544
0.1717104654699055
-0.4382081354658621
-0.2788521728556601
-0.3730542133868391
0.6102391787397065
0.1043882761100314
0.3859064505264717
0.3638332444064891
-0.2566487672445768
0.5781415446791065
-0.1867848810884723
-0.1380074212258709
-0.2211110552393686
0.2211628125382418
-0.0100063197927247
0.7581477787409138
0.0404001599487544
-0.3840374086438695
-0.2661270341439252
0.5592870636430297
-0.5241955369634761
-0.1388232342155098
0.1356604614456051
0.1116586140419312
0.7374738225850653
-0.3290698988803822
0.0108252745949696
0.4407733386875143
0.5241910647252789
0.1634493014799136
0.0728786446296600
-0.4000452410601949
0.0851799112438520
0.1913094306858969
0.7588998732491753
0.2162515712730944
0.2348721774844176
0.2188189184583698
0.4966060118481657
0.0932001711433557
-0.4101606731504912
0.6071245306236268
0.2534194162228977
-0.2526239402703106
0.4512245077960986
-0.0798286641151999
0.0377997067747790
-0.3297736303203921
0.7398170732258206
0.0653022274174938
-0.0341261819303208
0.2943528814734915
-0.3903381781522851
-0.0629449662122225
-0.0220837138896781
0.7439574105485021
-0.1471681324524656
0.1729381560877007
0.6906266116250284
0.1146536234049272
-0.1556088485756654
-0.0006945968128467
0.0701994105704365
0.7926226861853147
0.2978267100512072
0.2932290501561416
-0.5100425057743133
0.7234284153534659
-0.1364587956372147
0.3508804732842659
-0.1629014684016912
0.1561401496397720
-0.0356715956325905
0.0916153957124106
0.5252400471454582
0.2727620682279611
-0.2246835461742955
0.1935004147672959
0.5400198079511164
0.1944829300285845
0.1634326597798392
-0.0200863178175227
0.1955639741003553
-0.2122518225659608
-0.0520022496344131
-0.1495628705235059
0.0933664443313264
0.1540297616673000
-0.0144802749554939
0.1008847699824261
0.6439454524475222
-0.2241373079293883
0.3465010234288396
-0.3301887734330443
0.1054365087300054
0.0241571285628584
0.2626014350887396
-0.0537485316483598
0.0380834003600396
-0.3149454290133685
-0.2742734251443762
0.0843017431506361
0.2179240502981359
-0.1831155819451594
0.4510190199020530
0.1843771590194762
-0.3130346580759341
-0.5073823521621765
0.5626527348440723
0.2239513665404392
-0.1674687920995238
0.1114003665355656
-0.2339627861376930
0.5076480277347475
0.0238156166459421
0.2091650812975933
0.1596961435014378
-0.0813106977246052
0.2503212987067008
-0.3623620199094961
0.0137684211757576
-0.0590350888109345
-0.0008435386251445
-0.1534604102705370
0.0644207572825381
-0.2796247541478272
-0.0892306938280257
0.0454729663181154
0.0728327569501852
0.2206720029092651
-0.3161835451414375
0.0585919725835628
0.2845329217216584
0.0281106500600410
0.5027749774793946
-0.0395298118434061
0.1127470074563060
0.2412544025014748
-0.1772601611965869
-0.0238218303720738
0.1766690643945246
-0.0193518246261032
-0.1368793220888732
-0.3559394758785110
-0.3040553275122109
0.2672404440748106
-0.1707625893447105
0.3987203216289076
0.1431931126800894
-0.2831840639814096
-0.0219304518549201
-0.1027995156202168
-0.0182039462606014
-0.3073573895156093
0.2124743149395774
0.5505027666218933
0.1908740134770251
0.0109359196593299
-0.0075241836079231
-0.0907321640322798
-0.0875441798422353
0.0411771177776466
-0.0318571890989622
0.2896908424373749
0.2473544774415375
-0.2267158019854558
0.0925597449165795
0.2554563061528941
-0.1136148965402003
-0.4698022479140674
-0.0728185116504106
-0.4234011803123085
0.0208290427647894
-0.1598296810767859
-0.0622875664657672
-0.0927835510224869
0.3122503946049233
-0.2664855728750111
0.2377795333512820
-0.0668574835902127
-0.0035421544706595
-0.2617912309371761
-0.1414831799716527
0.0540673873057478
-0.1319595002980436
0.3509853044439460
0.2055576836272987
-0.1586932925192895
0.1494879978751360
0.0090857403251243
0.3433513470872004
-0.3297832716942911
0.3860353731825522
0.0856359749405553
-0.1204089110909253
-0.0639109754241334
0.2340286710633034
-0.2784023326304291
-0.2019641205854866
-0.3611757955916862
-0.0689053221691932
-0.4150150189888696
-0.0410914459738622
0.1348041498968803
-0.0015890094920228
-0.0193871170101305
0.3037267719578893
0.3601216881669875
-0.0174483214335910
-0.0374921739012846
0.2721293370591976
-0.5224680186109049
0.1618989291388249
-0.0028538921235132
-0.1163685727292198
-0.4313520034151512
-0.3230492194306695
0.0843290591834810
0.1924297407379714
-0.1488102537401788
-0.0526236137516857
0.1187428201476618
0.6340440043725440
-0.0292168977353287
0.1163159595539226
-0.2071788456543417
0.1028667620708957
-0.3760926549714832
-0.2895056696263243
-0.2211610556777541
-0.0928998137328932
0.0338029338493928
-0.5019992410966116
0.0655775259962834
0.0570737300689386
0.2763305211148920
-0.1656441630523411
-0.1225507493806535
-0.1007727160391763
0.3859256169793575
-0.0389833666898542
-0.3257511659320593
0.0858305192679439
0.0461130952735340
0.5433878101601244
0.1524198846267325
0.2324663486557234
0.3081186244628499
0.0015358727670897
-0.1733859018815648
0.1144294222879975
0.0777789822893990
0.0050751686348706
-0.0690636249326332
0.1895140102461334
0.0383705684763973
