0.1476382499704150
0.6260245097040601
0.0392428051725637
-0.3315201984420371
-0.0785083048601557
0.0006415689143092
0.6855658006450234
-0.1813726815769685
0.2868496330492095
0.3867277176694859
0.7998908651428194
-0.0035237492151173
-0.2818563004166770
-0.1364228545885850
0.4015248617873827
0.6950315925116893
0.2400487841002226
-0.2062353640478755
0.1294017031611496
-0.1236534249710893
-0.3632718475787079
0.1750733118777517
0.2332772835936435
0.0716772682623816
0.6295401004825503
0.0187451628917097
0.8495680026181762
0.2145997425482404
-0.1028503110781325
-0.0153213899790095
0.6514699779573254
0.1061100087875449
0.4615478100404780
-0.0504416088107692
0.2176457264363547
0.7798625538869450
-0.3260162164640421
0.0319158065516389
0.3529711353630171
0.0886465085024509
0.2374794453652604
0.2067637941721415
-0.0080337946950310
0.6431585458387250
0.0463781448631888
-0.4093339893838117
0.4272850546256295
-0.3624074576301284
-0.0690637678526256
0.5439208424042777
0.1746301880697526
-0.1207292183925695
0.5360858508190470
0.7211388575813743
-0.1473269163310443
-0.0566960915925592
-0.1660490161329758
0.6917821971128548
-0.2887618363184586
0.4252475927907632
-0.0530613962586678
0.0388976916037345
-0.4924693322984859
0.1922126078418754
0.6305885061255903
0.2879420119097869
0.0116214925582231
0.0057055358972117
0.6529041552321131
0.6127177514183310
0.7310447602804988
-0.1696187444595610
0.3076541849393182
-0.1941140795888813
-0.1813138842518622
-0.0354431093182937
-0.1837815691698341
-0.1702708958045301
-0.3438840702679812
0.6134648797286089
-0.5218276224958887
0.5711757496806551
0.3619706418974581
-0.1035673420653141
0.3273233147110544
-0.2752605120189476
0.1270637807461647
0.7380478317687157
-0.3772764622319516
-0.2504519476727513
0.5959707332076928
0.5562472283985550
0.1238185778230236
-0.0068777226503222
-0.2225814204044224
0.5250942050326797
0.3862316832937864
-0.2458687562089719
-0.2142056346572296
-0.4274890352336074
-0.1129829251972863
0.6801704567157830
-0.1226335860972913
-0.4133508638411471
0.2030577390603107
0.4651569791783269
0.3799194594811442
0.2831668324831007
0.0173038508810313
0.6215900394683480
0.2085809682636093
0.3934190646452586
0.6468381661203666
-0.3129754473868770
0.1659431122723289
-0.4074919867496957
-0.2767414655379287
-0.4099047035217567
0.5870341693932323
0.1583285793228566
0.3537022993935267
0.3540895037586012
-0.1231833657301599
0.5552474471977364
-0.2362828235081927
-0.1299190257628701
-0.1761772653283163
0.1335906837451510
0.0268979096027734
0.8582785047656636
-0.0258083407718994
-0.2319096731061867
-0.1615393950402462
0.6251440761889803
-0.5180860697382271
-0.0896405128652065
0.1573932621871340
0.0911495126465589
0.7462356863094157
-0.3112229692645690
-0.0202904920526863
0.3958673319378881
0.6796021724708013
0.1347625491515491
0.1252479790467439
-0.4985158679969950
0.1445161546407394
0.2566334591668369
0.7177954506680454
0.2103912396162041
0.2442630266155437
0.2415371651521590
0.5606470930706620
0.1490203528848668
-0.4336071908061482
0.5347262161539772
0.3725606236173058
-0.1636930972806607
0.5245720529028008
-0.0338037678937655
0.1513165965937561
-0.3603207043126220
0.6382442030245121
0.0622901712145785
0.1171605553409554
0.2679266871585886
-0.3154236473817318
-0.0502968249263162
-0.0573722748834776
0.7452642305470706
-0.1438650277136579
0.1588736977494097
0.7137779873707637
0.0697442830132965
-0.1951473945051168
-0.0091476161510848
0.1072204529105513
0.7534313740074465
0.2995824080739823
0.3293659076451650
-0.4345572817778220
0.7365168904205761
-0.1524798925365644
0.3354386900041527
-0.1925340942164586
-0.3243966342336811
-0.5722711172024418
0.6605098701512191
0.1484973322003171
-0.1747479182992984
0.0557096822322517
0.0606025953920815
-0.0931674305858571
0.5050928356345303
0.4450976081003064
-0.2231919981655415
0.0384629007836791
0.2698354719599978
0.2399948177391431
-0.2890662119778072
-0.0077791465745108
0.2206388221317909
-0.0849502267234759
-0.1179089278291167
-0.1761384167215547
0.0058402210585627
0.2004974538655983
0.0588424011841788
0.0352032514949125
0.5829276427731734
-0.1927260973763091
0.4046206494025864
-0.4138824943724578
0.0953597810531670
-0.0159001496720281
0.2769106390430538
-0.0405680024348627
0.0061021657674192
-0.3234078680543751
-0.1950940707214873
0.0038036361880304
0.2845744547318410
-0.1752820903466009
0.4087191464907433
0.1503824954182821
-0.0901448901187083
-0.2571475485694661
0.1451644401506815
0.2343211928784052
0.0428051399297929
0.0538058263239079
-0.2442917776224995
0.6025867234241790
-0.0403726644704048
0.2401449694270638
0.0777965929920032
-0.0594943642882465
0.2357171749889778
-0.3908448438678694
0.0003836989483132
-0.0055339471643458
-0.1330965742543160
-0.1467307639685159
-0.0176204625747315
-0.2936128763485897
0.0456805513219086
0.0568285182929491
-0.0485679049472692
0.3234067384274363
-0.3378828240634293
0.4572629176779727
-0.0469487741452235
-0.0246851149989237
0.3265002322598752
-0.0072487270615509
-0.0219791540434251
0.2889513021605211
-0.0400692442049590
-0.0653948081395417
0.1592386361100991
-0.0772923537739518
-0.1879632431867134
-0.2845648110260932
-0.3375519074160669
0.1880803853432134
-0.2944354988848149
0.4667998252071444
0.1763989683471676
-0.3237813837913691
-0.0289000015911461
-0.0879691667524791
0.0082785567434232
0.2704602707839667
0.1752106636626255
0.2022623532715680
0.3446134808390340
-0.0427601974787469
0.0026227315072731
-0.1743505287495533
-0.0855351732300719
-0.0010844715475183
-0.0426254077877825
0.3851693423829124
0.3008279545148266
-0.1726733681542064
-0.0175101215210315
0.1459374152180723
-0.0071165415503517
-0.4986390665013109
-0.1253909522110057
-0.4548612619510249
0.0510954312733221
-0.2783406726530613
-0.0945610386078527
-0.0393420787335652
0.1671994721628098
-0.2984594929803168
0.2185283056619398
0.0100704716592984
-0.0868525553605195
-0.1957820310616563
-0.1772840117158948
-0.0551597254350328
-0.1209260649811120
0.4127942900836573
0.2027960413899815
-0.0577696086065396
0.1811061549071008
-0.0678506899413405
0.3712126121228901
-0.3589239072295097
0.4557710360889420
0.1331683774598998
-0.0608695818286115
-0.1105410944794953
0.1863230122506854
-0.2302594907470330
-0.1618067047302688
-0.2790288372890211
0.0713894820768448
-0.3446247151592335
-0.2218480285541682
0.2750267706090720
0.0196667403975435
-0.1273943403922027
0.3144597660309485
0.3225116051391795
-0.0491122539678540
-0.0865228631145483
0.3039068450415017
-0.4515827956152046
0.1693758755119644
0.0644549830506508
-0.0637555176423381
-0.3260917329977833
-0.2895129275885371
0.0165015402536074
0.0946259747643349
-0.0968209271353787
0.0531327792332852
0.2239352321792677
0.4845153980763574
-0.0198512170826466
0.0696913025837883
-0.2594124892093646
0.0361901531758373
-0.4014871238566896
-0.1811393923196229
-0.2157480852214907
-0.1740463686592017
0.2190742514976725
-0.4884099099500883
-0.0101095392915758
0.1668434996151159
0.3283797037448805
-0.2705138629357877
0.0103161714556827
0.0223000183926657
0.4398394176294175
-0.0155856847746390
-0.1367497372628933
0.0501127206451371
-0.0767826582326878
0.5604907463351982
0.2457213612398239
0.3516736675992627
0.2368460484466891
0.0119014358906063
-0.1363569367827172
0.1549982657282927
-0.0000090261855335
0.0222103691298504
-0.2144529929084327
0.1693715794448687
0.1438544767960641
-0.1775725839848394
0.1868682190630337
0.0378883558239508
0.0222354807876000
-0.1001464574224056
