0.0945553684554079
-0.1946445148653331
-0.1310041974831889
0.0882411666385670
0.7462751383171331
-0.0538563347559818
-0.2176400985380756
0.8512623866510625
-0.2337067690245030
-0.2747485267223904
-0.2397731917961522
0.4483731269733710
0.1187133514035020
-0.0059323375567231
0.3410702144837717
0.6429700791703283
-0.1093603083098859
0.1232235180749056
0.0345809444703685
-0.0710260930221467
-0.5616977464908897
0.0863456372518242
-0.3028021249510340
-0.1868005113178045
0.6084001149075213
0.1214699006620393
-0.2855526776376680
-0.0962902383392360
0.7216940951500813
0.1928646251883653
-0.1296967104896941
0.0412183574952156
-0.1937220567895859
0.6704925852173483
-0.1536543023483347
0.7425583523045091
0.3439668043832457
0.1470103719845558
-0.1968590352522206
0.0917577437392252
-0.3677975897048393
-0.0378291006325488
0.7041888483855662
0.4256336834982359
0.2672883666511598
-0.4057705551305767
0.5423774475255211
0.2265829843285205
0.3027081386167316
-0.0445237749337205
-0.3552880393659728
0.2521197041635421
0.7750594625895932
-0.0642419131923962
0.0882737735022692
0.0349849871891750
-0.1430152231442390
0.6750770572987760
0.1843084361189864
-0.0487080420018464
0.7514242843045960
0.1019758965129238
0.0346652894396927
-0.2815040607881230
0.0823223035590402
0.1124988311162370
0.1178779363608790
-0.2736047594508203
-0.5281057980250793
0.6572017458987078
0.3195199398665119
0.0295805274654626
0.2936849095264399
0.6125996704223445
-0.0771928582028899
0.1616186676759905
0.0815745668066624
0.2803345993554915
0.8508803030824729
0.0747869233247624
0.0397537674812163
-0.5065504623399180
0.6211674727662904
-0.1376577913592432
0.4301408743547863
-0.4670219870347401
0.6601723259215813
0.2133475841249855
0.0614346166036938
0.3241931951268107
0.0707104521058626
0.7133117478183291
-0.3147348055951721
0.3575843490076464
0.0600077536971437
0.5595761303909437
0.1433234852798215
-0.4059831310733419
0.0283056581410155
0.1737828804071718
0.4488615041138266
0.0978518208656051
0.7940352029138035
0.0447661912212064
0.2136435652543194
0.1522413443702005
0.5980409829330617
0.6322961057256803
0.2902445320363860
-0.2299981236930622
-0.2666327189666702
0.5852050216706612
-0.1570622917586755
0.2612779124584003
-0.4751725199545208
0.2296990893884071
0.7004797850154266
-0.0740109627614148
0.1844777837256916
-0.0279131530209038
-0.5180354516122592
0.1883638600979823
0.3103891653782030
0.6067253534638993
-0.1182753543051087
0.8532478134459873
-0.1227390451544905
-0.0586868977445261
0.0631842279273110
-0.1011687325892162
0.1480575712618517
-0.1102477824982778
-0.4741117799924095
0.0261355812859893
0.7267064353175335
-0.0905313441038769
0.6638257038932627
-0.3803164067594663
-0.4666722891399816
0.0808404726458005
0.3518461280072575
0.6901580731277418
0.1636937432775427
-0.0220721675922738
-0.2478092449579752
-0.0000027344865453
0.7381222661086421
-0.0490205171159697
0.3446635031296235
0.1986316625185395
0.2144045149894665
0.7390014062728317
0.2340584144982939
-0.2990081538443907
0.3657077036504037
-0.1707146473842957
-0.0649809441035999
0.6368931200625033
-0.0087901462427854
-0.2246057266889240
0.4445683850361531
0.5926181298185322
-0.1089501277120270
-0.2070752907031438
-0.4807168350082890
-0.1634410241007949
0.6599988138486954
-0.3519255864855803
-0.1668613240094518
0.2321393082504899
-0.1864421292400067
0.1522037774219522
0.3833388684762844
-0.0671759342345739
0.8518221538937445
0.0921506950528268
0.1285055954282776
0.5238749054167737
0.3575335015220689
-0.1309846962029728
0.2976208014391890
0.1865439220874180
-0.3011721722506669
0.5929536388759810
0.2978917258802079
0.3978951977411474
0.4317992910011976
0.0023410095606372
0.4064583370731383
0.5705428417871558
-0.3678026577083400
0.1070098645734504
-0.2068672814269691
0.6730084436175744
0.5579952176813708
-0.1156369993264284
0.5149691608266048
0.4310503546939795
-0.5431997635791566
-0.2501751155996479
0.6200229455978139
0.2720182429760762
-0.3833645142516846
0.5113767153048104
-0.2912983780559690
0.2486359788610623
0.1032273811380422
0.0047203511750968
0.3220411382435574
0.6429422489047246
-0.4519532510057226
-0.3664852983047562
0.0130153729877309
0.6467440901319322
-0.0528832640551924
-0.0049164232012899
-0.3533533621746695
0.0836159596158342
-0.0227598173693967
0.7544104993323758
0.6613869177414535
-0.2809740446897833
0.2785693341291984
0.3703979275197118
0.2309154407407993
0.6554933393045004
-0.1149242543468523
0.0321961266181437
0.2367222280440187
0.2547753181150735
-0.1130473788995696
-0.0729944921210114
-0.5239295146979073
0.6915087390638044
-0.3407999514160746
-0.1319326250506343
0.4863000349662253
0.2367195498462581
-0.2463721782123663
-0.0258509723892819
0.0431411367218821
-0.2760465845852841
0.0094779575894655
-0.1257405271437952
-0.0318690850010691
-0.6234853952302324
-0.3373045230774269
-0.1962841596104726
0.0485202458165543
0.2600448940927028
0.0051285502733173
0.1619601538597866
0.1840564967389207
0.6704422842241905
-0.2087538581849745
0.1174710207323938
0.0556148289359563
0.3953468624698508
0.0475653502089580
-0.0696545811626952
-0.2614605909315130
0.0732403446406786
0.5112376710999297
-0.0134824515216534
-0.0335002889552809
0.5153047289746626
0.0221966146779646
0.4158444369619365
0.0022098034871943
-0.1783773840897734
0.0326987360341723
0.0027726519860824
0.3270235826429091
-0.1261146922612693
-0.3709213986703629
-0.2089633505190602
-0.2490369305998076
0.0138719472077652
-0.0411104018219126
0.0850722267647493
-0.2939983252201301
0.0290980494677460
-0.2282368163180735
0.4397353448878972
-0.2519555494856071
0.2521483429916058
0.2831639466422131
0.0102709499100994
0.1674594068108253
-0.1601900680893078
-0.3294304356276653
0.1544531973076672
-0.0127838674035412
0.0825007331056731
-0.5889835227268778
-0.0116997819147108
0.2355796319992727
-0.5057306240367213
0.1371999586470228
-0.0867025988147007
0.1111826290334777
0.3305915669378401
-0.2199410897165733
0.1294288262186813
0.0316402729342296
0.0303310165950535
0.1175036463580098
0.1658993946517243
-0.0132823270302639
0.6221880535237324
0.1835013451391152
-0.0423034527289672
-0.2547172016787964
0.0065462373573365
-0.2422005425339974
-0.1242347613683854
0.2468736470544104
-0.0012964505683973
-0.2645456901822442
0.0750960852409642
-0.1199861028010116
0.0450482640937096
0.2988696400884507
-0.2926377116990996
0.0168650271080375
-0.1157943049423872
0.0221900855375943
-0.3932941360658911
-0.2060915241688832
0.2112017344246721
-0.0253899053066014
0.3121167776851422
-0.1517936642390388
-0.4471756909855488
0.3865746823407700
-0.0273432344775751
0.0244942510999731
-0.0347532883557914
0.2631497371546800
0.1974985745158718
-0.1314352313082970
-0.0108999407358624
0.0568539861531011
-0.2248917732104027
-0.1050116710907597
-0.0450169473321557
0.0361193166414333
0.2056046922628622
-0.4222919047854700
-0.2092452344194448
0.2042821064298701
0.0251098315540343
0.4292739204534345
-0.1145966234449873
0.4201278521778158
0.1320056660451062
0.3651662078571820
0.0696260879557388
0.0400156091753326
0.2459497566481829
0.0392870105867075
-0.2835823824971838
0.1258555782116260
0.0933412861847174
0.3643036170938072
-0.2563202941977114
-0.3228880964293311
-0.1994995393514208
0.0500734748199853
-0.0096361435374796
0.2345134449717270
-0.0492519495099682
0.2296195671199904
-0.1528592491802492
-0.2206067265493506
0.1594750721102840
-0.0011647452959681
-0.0591679064592026
0.5293232214852014
0.0455666877379166
0.4105469899822320
0.0346137580479197
0.0295235006854166
0.0670923577784735
-0.3455503966568672
-0.0162058356985144
0.0378560337507499
-0.3202405476428467
-0.0752517690436810
-0.1416465248636624
-0.4788075593206613
0.3870766945571112
-0.0248461898284774
-0.0842655767429978
0.3516718266392556
-0.0100409254946830
0.0076472688812664
-0.2629775710091051
-0.2950692950129231
-0.0945585998663407
-0.0691972690740404
0.0123497517205510
0.0555837264872261
0.4471621276824217
0.3523085601461229
-0.0900960902722862
0.0382742028364491
-0.0211945240096560
0.2340855993514572
-0.0135488278811598
0.4674817853586231
-0.5268724397194233
0.0107070403949636
0.0058247659792186
0.2434750366644180
0.4217922503529766
-0.2591449308426272
-0.0269739125660446
-0.0253184446913452
0.3148835259276504
-0.2506932873541831
0.1273374629326218
0.2124252817193742
0.2004590980583510
0.0112020261703970
-0.1175013094679611
0.0524048358515191
-0.1022892349233886
0.0102106493164305
0.1380464563755729
-0.1886750768203879
0.0250216415825642
0.3354417549308036
0.0194310697309289
0.1698639552764406
-0.0232402346005044
0.0905925772806061
0.1280785435014301
-0.0770004977474804
-0.1310269746944384
0.2853518679328128
0.3036316760064874
-0.4830305283923499
-0.0589246011521698
0.0028744997663694
-0.2396822998263844
-0.0444205346772201
-0.1174243521790185
0.0522970843476381
-0.4052635871788996
0.3937812801141345
-0.2656439395096810
-0.0686504437659666
-0.2591085812735064
-0.0314936699241297
-0.0579701555822308
0.3927983293868419
-0.0207663351731174
-0.1894884247245911
-0.1466810197744477
0.0212673791235491
-0.3992381644718542
-0.2392377135837481
0.1866991577797447
-0.4280207458151962
-0.0539208478941675
0.0735713941973048
-0.1101767473363467
-0.0359115982689129
0.3021791659925125
