0.0878359044351066
-0.1726778338238780
-0.1598783762993818
0.1148812439452107
0.7501088814772586
-0.0559854228426833
-0.2055889659588551
0.8385663208248515
-0.2472255484499080
-0.3076563660544627
-0.2204765123507894
0.4223655735600134
0.1080710230270575
-0.0056764359296921
0.3479643666165049
0.6672470133676043
-0.1385124600351559
0.1323711742951403
0.0149466700393723
-0.0629421681978121
-0.5535904786222303
0.0500267131239736
-0.3184057369744456
-0.2104809002676546
0.5889319630583633
0.1447747250161089
-0.2905709690399425
-0.1016881392436694
0.7151226910926607
0.1746405870098177
-0.1002079035109840
0.0317497568082596
-0.2028876357814471
0.6551670526853526
-0.1624551471317134
0.7170298202643506
0.3786151758829713
0.1634950280701961
-0.2336842486914102
0.0881943135158679
-0.3831141049037966
-0.0319667449913152
0.6835280310467737
0.4504546365033448
0.2076142634722692
-0.3835487149933925
0.5880425709783911
0.2177825624471668
0.2642843489311040
-0.0332822135659931
-0.3494569049512011
0.2261531423536809
0.7966092532797208
-0.0536673601111348
0.1057705268109754
-0.0193820621428598
-0.1858072367639372
0.6326087452826208
0.1859781918307409
-0.0325917451868297
0.7521461254123496
0.0677679382039300
0.0159883925001488
-0.2717010734942076
0.1023871302093492
0.1100995304369268
0.1307895618387809
-0.3095564815807272
-0.5189716986149255
0.6495645560795626
0.2910238304792290
0.0094642137214517
0.2774536217932994
0.6488718211043526
-0.0846957288655124
0.1911651378231783
0.1243374678962330
0.2969192714867870
0.8556676843247233
0.0572045764343631
0.0447705341568590
-0.4886528591664985
0.6635117433734767
-0.1137695099102491
0.4174088562945211
-0.4791889633029006
0.6570862215705786
0.2163274712539692
0.0493661957871639
0.3132233698334967
0.0821552277296253
0.6975976835917268
-0.3233918249401607
0.4104168489756621
0.0471076595119250
0.5568142556849768
0.1534313383645800
-0.4105793433387652
0.0035205812260869
0.1930787069908059
0.4559462222202338
0.0870953742764476
0.7810361827468834
0.0628501175366021
0.1957839348834236
0.0991811914077157
0.6029726503620122
0.6172721911535014
0.3204351216146655
-0.2591175956408170
-0.2897179125191622
0.5550163079407705
-0.1862878649520190
0.2655518079442282
-0.4527745328042481
0.2007762809318024
0.6953361854113305
-0.0935718681497349
0.1427445658399512
-0.0276231548772021
-0.5098659766347954
0.1763404616378624
0.2870543057389920
0.5934259458183305
-0.1733398108684774
0.8351043733499818
-0.0918220499413106
-0.0926543875103385
0.0145937631623570
-0.0810843852107096
0.1691550593562880
-0.0885497657167699
-0.4758145736104015
0.0380479658552845
0.7203951870819485
-0.0896467701923130
0.6864989509592594
-0.3688046903061107
-0.4572486441346952
0.0546277642819502
0.3623582229394957
0.6625567341083004
0.1400481682286922
-0.0236679954451183
-0.2516734657717193
0.0094077143096682
0.7353534685647621
-0.0458046488899050
0.3485015439192863
0.2073352062272182
0.1855244010228994
0.7438892906906610
0.2362292373924433
-0.2986501111265917
0.3802252060211709
-0.1067740887918802
-0.0614398902201962
0.6231726233540965
-0.0591118579486963
-0.2340575886164591
0.4145035600321388
0.6049443049276703
-0.1258770430266865
-0.1999942027563678
-0.4964270194191682
-0.1878567812752143
0.6678614247125968
-0.3535139099238403
-0.1394220731466064
0.2284295493985000
-0.2302570194362228
0.1527879898390581
0.3544832189861368
-0.0911296702830976
0.8509729605124218
0.1038646191050505
0.1310478284507568
0.4909217288764116
0.3687467990595696
-0.1305251224992681
0.2862063909097700
0.1852909932260166
-0.2923667875763608
0.6000178356210726
0.3162856595497791
0.4494793018890783
0.4175350211714967
0.0133784652628290
0.4111628337681077
0.5551381424878221
-0.3764916810384095
0.1404469339087989
-0.1971146774303082
0.6375594009552901
0.5837063062560298
-0.1450596279313311
0.5235922136291035
0.4401052357009910
-0.5079592609148756
-0.2489114948243364
0.6212555688898220
0.2790666143616473
-0.3744315843511598
0.5303881239723793
-0.2611937028812434
0.2234775764653049
0.1053737820243936
0.0251264256924326
0.3153858109467176
0.6364299525434781
-0.4175669103367047
-0.3462404789084543
-0.0121562322318397
0.6846713666872368
-0.0349626761810489
-0.0020546266159927
-0.3836312876825060
0.0665946038577567
-0.0282813084623227
0.7653592891183344
0.6556398959027414
-0.2631827171161627
0.2719627483471136
0.3606797571062182
0.2401606351498790
0.6307621909923603
-0.1168269812282737
0.0263169982628230
0.2470625728723520
0.2607319857613556
-0.0790183078151596
-0.0710862028097075
-0.5135365221997543
0.7012426866129564
-0.3433733137847327
0.3230992968693194
0.0732753647742402
0.4665007781861100
-0.1266793104448160
0.0812897930373932
-0.1279946651528571
0.4858046643414421
0.2327119266818401
-0.2327634675803374
-0.0179613820426027
-0.0135422408186003
-0.2775260587853184
-0.0148382272657060
-0.1136791042035816
-0.0726994249698945
-0.6346096541811244
-0.3791877029175321
-0.1792398020158907
0.0004404060613224
0.2481266482810618
-0.0241542513380966
0.1362675533568744
0.1977488525803018
0.6374688693329242
-0.2219572757965920
0.1184235229760093
0.0600523763048305
0.4105879599699110
0.0761360146325985
-0.0806228617392571
-0.2778035273230468
0.0806740364897606
0.5074206944087948
-0.0236105099400804
-0.0255381692277287
0.5153244816010945
0.0137066281064696
0.4323194807875623
0.0339675038007322
-0.1958322668387428
-0.0093853187265953
-0.0049632468260103
0.3392675065559548
-0.1243752742019379
-0.3503101887641067
-0.1921770919403742
-0.2922590396250619
0.0056539881178197
0.0005753688038949
0.1288347745258682
-0.2952035918992841
0.0019247946966185
-0.2676703049403814
0.4195478582354855
-0.2321561707266779
0.2449377942886722
0.2752906607031391
0.0258444260285545
0.1605214189823672
-0.1259611219432830
-0.3026781377424109
0.1846855494362981
0.0057487571030984
0.1067004161159588
-0.6261910554206944
0.0140986636618017
0.2490858198881853
-0.5109022897604060
0.1438396791263747
-0.0342047533773662
0.1235467555796419
0.3271222061924190
-0.2097164496071309
0.1318716677312319
-0.0061129011410744
0.0025857186130252
0.1121083226838245
0.1585119258251170
-0.0041027114470545
0.6101714635809691
0.1631276238818189
-0.0143168431635015
-0.2367965144369449
0.0078169999212706
-0.2035833794948225
-0.0897274765230487
0.2187697067362490
-0.0159002863819592
-0.2608976644697537
0.0869533158966806
-0.1237492810737113
0.0218269111015934
0.3167222300303338
-0.2729087347730841
0.0262623728931050
-0.1253789100555799
0.0359625690173838
-0.3774631864267916
-0.1974777010250545
0.1813160762082530
-0.0243934545002764
0.2850782613548659
-0.1494215286178328
-0.4597752565666260
0.3807424258298119
-0.0394860243649139
-0.0020858967881548
-0.0637768235069695
0.2668151489432565
0.2353871895883667
-0.1190294704371064
0.0030310356039541
0.0563332181701885
-0.2267936439075945
-0.0833998218485107
-0.0578191543030464
0.0135183294425476
0.2344722480800093
-0.4263334545292031
-0.2398571883281084
0.2509500205499027
0.0123487877205423
0.4222496685111612
-0.1486017023131635
0.4275465777447615
0.1512052006883886
0.4123285793432671
0.0810679980393792
0.0395960394788195
0.2081388313290531
0.0206069621092639
-0.3120819560758847
0.1573988710870494
0.0770859206989647
0.3876344512529148
-0.2726304103576362
-0.3164263145192062
-0.1973067265782655
0.0516896544290236
-0.0259693136040265
0.2163369786638159
-0.0487121659128588
0.2416028551948241
-0.1768842058508899
-0.1837680787775023
0.1729145777379867
0.0093640406166537
-0.0869880246947302
0.5555293101855692
-0.0059184612189915
0.4004445481357172
0.0123885011980644
0.0622752478801236
0.0433909421855048
-0.3554675794078475
-0.0224988141145315
0.0467833681878364
-0.3092775047191305
-0.0639782958388604
-0.1421316066635485
-0.4832086902722654
0.4053515657655318
0.0056136299142069
-0.0848585188039597
0.3649248382032211
0.0082843602080982
-0.0259698742466672
-0.2525112297247655
-0.3036959782770730
-0.0566608912596452
-0.1015273463720652
0.0048736012070839
0.0600077593778641
0.4208882674280465
0.3619404235326897
-0.0932404560087794
0.0527150307795113
-0.0502074339892688
0.2258673520759298
-0.0225849954824615
0.4763579371155817
-0.5300948344019395
0.0123978902284705
0.0162443670302606
0.2639856992308641
0.4227763896460236
-0.2497725919340341
-0.0118991924734992
-0.0288654328668007
0.3100254220770987
-0.2369408515241412
0.1196571791027127
0.1821851686617909
0.2009344266983762
-0.0468589337698983
-0.1353823829735468
0.0366640693420971
-0.1068579970901430
0.0094981540018377
0.1459381547938429
-0.2371429716235113
0.0054961933772398
0.3153824388684947
0.0281309018333199
0.1860438366580219
-0.0454328934817843
0.0597024787327010
0.1245600576523487
-0.0344445459704169
-0.1552431980803533
0.3074762703141148
0.2953782752585591
-0.4938255461554909
-0.0899560705333014
-0.0081092790936546
-0.2111479166276628
-0.0874156124541232
-0.1137337640921561
0.0619927386878975
-0.4081751613540326
0.3741423767506495
-0.2666619693639202
-0.0534832317622530
-0.2169520187438608
-0.0281698421553260
-0.0472704572714770
0.4170518805130600
-0.0168628960803078
-0.1949625552512765
-0.1570952181870305
0.0034484818873105
-0.4147509081597437
-0.2430008211844785
0.1782341965630551
-0.4426395953743932
-0.0708709562781457
0.0540012194550281
-0.1112799282788992
-0.0340094255028558
0.3063623237479466
0.0084410555802253
-0.1604682072740103
-0.3975316606001330
-0.3994343217086448
-0.5536771763232464
