0.4710910748911146
0.6889456292396193
-0.1134992728031595
0.1026490736781307
0.0940490946701106
0.6988047377545898
-0.6396629083722621
0.0352074604495980
-0.1136331532703177
-0.2219009395352610
-0.1767005056478688
-0.2123586779066972
0.6634228481011318
-0.1869022662021159
0.3139601815749700
0.4706114161765934
0.5666249464265097
0.5779188903317671
-0.0204537631682598
-0.0570653722405546
0.6184072452903866
-0.0357175653932791
0.3480128877738402
0.1971300922884342
0.3062588842193131
0.0847107202335452
0.4548319850257398
0.2731377849456165
0.0588275628479010
0.6156560547051858
0.0748550164832115
0.8267574763297107
0.0593853498217370
-0.0147428025307734
0.1480234676632956
0.1160028023575844
-0.0158483540967993
0.1232920130560730
0.5583010089946987
-0.4456415043179733
0.5642372688335584
0.1743497708255174
-0.1404480646486328
0.3071976809143837
-0.5194121029975801
-0.1794817467242739
0.5429995650017968
0.4922507564585164
0.1378324854570237
-0.0430909994426344
-0.3074257975921914
0.6967996340237222
0.3687423166693701
-0.2142806763283373
-0.2888947490811841
-0.0265810318098124
0.7685035384883161
-0.1887424378643129
0.4147601081412102
-0.3195774881599239
0.2449526567391551
0.6671890515370948
-0.0979782820620685
0.0391457052071993
-0.0051426587304039
0.7016763885798072
0.3881613678765817
0.0450179461213585
0.0689781707238493
-0.0446443402757982
-0.1755575306922276
-0.1744551121625688
-0.3880246803954754
0.6269515828685932
0.3294117514775763
0.3968553707683372
-0.0673310007707792
0.4655248698271925
0.4722968011600909
-0.5235900991940241
0.0433074011956994
-0.2710762889257022
0.3341687069560710
0.6943463936846206
0.0740377286749714
-0.1978438645977501
0.1580822767157760
0.1356076562027368
0.8334616538914974
0.2561609489360966
0.6741008279690329
-0.0828027471563841
-0.0930764378412512
0.2436287503122644
-0.1243227531905878
-0.0555816500212226
0.3364452857413604
0.3024928753043667
0.3478757908895309
0.6460941543739195
0.0502209933968879
-0.1915111881331082
-0.2217694712565708
-0.1328548462023400
0.8947276980736656
0.1567134956409459
0.2493982031445083
-0.0065700440507240
0.6507663126062625
-0.0287806162392634
0.0438000378223709
-0.2690049329961037
0.7871457899184097
0.1095152681286349
0.0331292621982304
0.3082331433567991
0.5233942595098070
-0.2440769568091387
-0.4134833525524032
-0.5559607545128928
0.7197241630258870
0.0018149699228151
0.0381511104301760
-0.5416718477533130
0.3267978722266164
0.6667431511030837
0.1196313185138764
0.0066580170812766
-0.3285390189563043
-0.0974413570335255
0.7237005584439389
-0.0891604091595303
-0.4924839723517622
0.1214642192745738
0.3679398099204431
-0.1602012421343025
-0.2615636848811008
-0.5795359507907387
0.1472562546317754
0.4499692129849052
-0.1030208059241224
0.1447038822623363
0.7061703650073358
-0.0897218580881887
-0.1531400745051810
-0.0258607395927056
0.0046632564199748
0.7768704296027216
0.0694548051585921
-0.0480436197988664
0.2893320133548656
0.2422956380505041
0.1066438587269416
-0.2244680276280624
0.6973382357865457
0.0298385533978822
-0.1072032978527580
-0.4194633988554983
0.7835542608601005
0.0056806398944204
0.8187905647227839
0.0157995723848457
0.1019515381757787
-0.0254895160683376
-0.1661608985330798
-0.1794279207902952
0.0301037289747684
0.3059234095303868
-0.0687876305978325
0.7716104062314603
0.0389534626555763
0.1088924561471152
-0.0733345090819924
0.5932547239724267
-0.4224741083112813
0.4733264246479960
-0.4701572437837699
0.3486319035495271
0.2779691306247782
0.2267739841077230
0.0237201526548629
0.5361126051389027
-0.0561066945369268
-0.4129284130715117
0.6035215205892167
0.3920087526312622
-0.2037343914095314
0.5907629753530170
-0.4355286899951521
0.2210379893357230
-0.4588317338157718
0.0272901248813673
-0.2186942135646430
0.1819121740860737
0.5866682028226912
0.4189312430006782
0.0435233153848047
-0.4178036596718582
0.5897093776249165
-0.0520670860070495
-0.2124719438397109
0.6551552560755041
0.0403384400115507
-0.1635617932166994
0.2259095717601999
-0.0050208321790532
0.5557263301393695
-0.4537768910199712
0.2740147752759060
0.6103990916680209
-0.0840092588369790
0.6638924274006793
0.2088394047653852
-0.2973458978989507
-0.3413331807519486
0.2844335822639553
-0.4013106276337302
0.2260794843515151
0.0171853231347030
0.6311351597068887
-0.2672017115206902
0.4319992357701653
0.4975254358242200
0.5674046526515109
-0.2566589390446671
-0.1486799077733449
-0.3147041201947903
0.3667731250601174
0.6237041256487671
-0.1135482384354488
0.1747682459249661
0.0429871023382764
0.7463284762390189
0.4190987524145658
0.3782614616533931
0.4709697990706614
0.0299330363558802
0.1498079531533066
0.3515073492312689
0.5848848199462714
0.4900229539233480
0.3137046073418145
0.0218654919653957
0.7184416970461814
0.1109514290673425
-0.0603886310725894
-0.4257184158197640
0.4289876467390891
-0.0249237489830085
0.2264997691906466
-0.1700330045908327
-0.0404386615771924
0.1843586727942135
0.4398171825330804
-0.1148441873206726
0.0095892168580883
-0.1161697106876467
0.1477016522063585
-0.0538090897175643
-0.0285072871816473
0.0520149341389559
-0.0186717263604210
-0.0534957696452918
-0.3203044927365912
-0.4914635723396693
0.2237454011022733
-0.0741867209840232
0.1683454083952111
0.0645716228659554
0.1781029562369663
0.0034848765290335
0.0690033936924147
0.2352613421083398
-0.3675866779895197
0.4090079575725376
0.2233167945241642
-0.3360402393831802
-0.1556502173486617
-0.3761560678818844
0.0184618281322170
-0.3441092377993598
0.0282551092357342
-0.2017504395027737
-0.2761125050985318
-0.2215017174044461
-0.2505243354320299
0.4933017591647498
-0.3931222948648766
-0.0114906242317792
-0.0029411928100596
0.0019906775738697
0.3154234211055423
0.3524815858054766
0.2088403439086377
0.0000124216222425
0.3095214356010943
0.0227985452629801
0.0558697714982153
-0.2442219190231853
-0.5006828034046658
0.0133493331180283
-0.0403899981128387
0.0287081364222029
-0.2422576957883426
0.3054338941478886
0.2410795711806219
0.0089255145495694
0.1784390603412401
0.0264501151922567
0.0904278866513474
0.3526012674813814
-0.0376116150952747
-0.5648134234012375
-0.0965481861009055
0.1721056234452795
0.0048041303657326
-0.2212162893511016
0.0561988836679824
-0.3731459348487087
-0.3960395788393372
-0.4217321463247636
-0.1362618076627524
0.2123647628932699
-0.0275120049719752
-0.2105242004642651
0.0024407668995726
-0.3483837089250337
0.0318059769840892
0.0092439348943649
-0.0396717752083234
-0.3731905862149643
0.2583957395751546
0.3197858399466530
-0.0041498979591463
0.1305952266797963
0.2582855966524604
-0.2341583227916758
0.1819815033856868
-0.0064033690518551
-0.0500176175035905
-0.0161814671973853
-0.2868903369046977
-0.3615258743547834
0.3141818536511797
-0.3785212547432015
-0.4689458997486787
0.0062436055317445
0.0108371948384886
0.1833558503608659
0.0084873974577291
-0.2064904474615575
-0.1788927571845352
0.0436609982580610
-0.1158211238920696
-0.0589051392200738
-0.1594252950762609
0.0947759160964077
0.0547992707002915
0.0351653824256272
-0.6709952834459446
-0.4656417683258510
-0.2035482765881685
0.0401524054238425
0.1788852453287416
-0.0340875664703984
0.0589991068275859
-0.0311957716896511
-0.0021139586897074
-0.2346023008695497
0.1786605581387321
0.0209909637181500
-0.2721643447824135
0.0280133173530884
0.0152054806726981
0.0693042866871030
-0.0245201644606343
0.4522711307412143
0.3453745569660623
-0.3136880581080419
-0.0288216462539930
-0.0134623257016246
0.1081017946808904
0.1578008086376184
0.0246754168680964
0.1955939574832642
0.2869619303458226
-0.1673256296228773
0.4672780724616749
0.1261742395428719
-0.0358836149861591
-0.0630354849489612
0.1273594881189815
-0.0391745002166278
0.3528203900725213
0.5404241303432710
0.2290523860284495
-0.1514785327750635
-0.0068623348650312
-0.4461866563198514
0.3378006617495973
0.1828636041982107
0.2510833864664166
0.4570200831007133
-0.0629405351206362
-0.0151510623378006
0.1190292891330740
0.3875006121106491
0.0577948921094004
0.0245314682198525
0.1714971800204539
0.0248590931972058
0.1450594725389296
-0.4445181536101542
-0.2063493213364906
0.1698306582257873
0.0620010949839815
0.4368691594554373
-0.2681831513030843
-0.0810829713928532
-0.0006692987265459
0.4351024452275765
-0.0740793061851923
-0.4422998185116683
0.0295833467753418
-0.2439372573025680
-0.0474433761978206
-0.0702518297401238
-0.2544715952626871
0.2876124705649548
0.3873162282679945
-0.1152202580658085
-0.2011600244236627
-0.1718110630706988
0.2984022301750121
0.0426681614261390
0.0332312615454016
0.3868882770485627
0.0772969176558163
0.2385102683131742
0.0602386321195241
0.2905837542721554
0.0823711073109926
0.0302245531966892
-0.5210002528336217
0.0071558480845865
0.1404682133663604
-0.3407638070901143
0.3643201295798220
0.0000731755965087
-0.1702758108363595
-0.1493320985850748
0.0581142507371632
0.5952110838997974
0.1864030998532783
0.1775184134766410
-0.0161260091001501
0.0225358385604438
0.1818491199727340
-0.0319444029241913
-0.0519707872703111
0.1018702675005962
-0.0162044151349097
-0.1302119539051092
0.4703570256128377
-0.2341398087761025
0.4964854290192109
-0.0556073291357582
-0.0343886424812960
-0.2398231737751500
0.0045573392774516
-0.1442351262209343
-0.1410232454174328
-0.2478182142433291
-0.0262673294437732
0.0618977239429426
0.3202133742522850
0.1216198134386316
-0.2440285341410880
-0.0175717123953734
0.4065050590891168
0.2146248652964050
0.1565701502915597
-0.0049365532154906
0.1318620472525066
-0.0623415056516404
0.0755596883983123
-0.4557936614041880
0.1729433587959526
0.2140249699470005
-0.0053054974482880
-0.0352858792234085
-0.0686589859938648
-0.2469871449646258
-0.0089269067077666
0.2558879510327949
0.4543229662407952
0.2308511755002445
-0.4636633392894861
0.3231268529286634
0.0081869248943125
