-0.6445233907555450
-0.1553978769208192
0.0645763269917158
-0.5405808071224799
0.0264309601324839
-0.0542550454195133
0.0517356180641375
0.1789151802252097
0.0248295239324618
-0.5426825605973292
0.2692514022553218
-0.4630655932508918
-0.2723872040647057
0.1477695318574224
-0.0497438532842773
0.0115898517439254
-0.2485596712353778
-0.0357341712269420
0.3070595058977429
-0.1478901230125335
0.3458403604349434
0.0061997352371007
0.0997676235743301
0.5798548042997453
0.1267819784820990
0.4133417956688801
-0.4432297775466154
0.3328102996460980
-0.2835827582173992
-0.2812579351409397
-0.3063956092098615
-0.4517634545895513
-0.0690285963007895
0.0689884204760109
0.4013076268478494
-0.3876699242151540
0.3010585587143195
-0.4207336504445476
0.1292808558240341
0.2872882802631825
-0.3027270565865833
0.2976422612668408
-0.1651975862691913
0.4276280406132466
-0.5598649194851550
-0.0907399149573249
0.2861359968963751
0.3067549417040619
0.3793073584678686
-0.2226165737565770
0.1315443245339674
0.0727814430587017
0.0923561670673512
-0.0586853548054627
0.1902694571761203
0.2436854856958956
0.0980560774996659
-0.3950172817902375
0.2592964813192947
-0.1978642425881147
-0.2191334340452464
0.1259164891566357
-0.0778540711370600
-0.2355176173607745
0.0307288535382589
0.2070753465527847
0.2348996511065080
-0.2585013630362953
0.2236500620543027
-0.4442341804230672
-0.1283081259245192
-0.1712358666613959
-0.0678240010914112
0.3260736241466700
0.2012894226535441
-0.0878531777884490
-0.0703885664724200
0.0610613215744427
0.6022364414813458
-0.3856373338854904
-0.0945121825751586
0.0479303403643696
-0.1005130746316968
-0.1722668872196735
-0.0269098342059030
0.0475294346899188
0.1059261428367061
0.4164342178076954
0.3912495223792669
0.2506682447318658
0.2205351878635646
0.1586350711328267
0.0914743424928018
0.2839265866063616
-0.0030157232755250
0.0062558407927621
-0.0029616179764614
-0.2527185593844169
-0.5771416760456545
0.3007050818281542
0.3612089135868961
-0.3304235820123399
-0.0548239806035829
0.5411023423219794
0.1547940734433552
0.2790225866734212
-0.2674178167794681
-0.2455228972590619
0.2734727300433238
0.0182388111259379
-0.0943881853888150
0.0800648243565770
0.4219047419082223
0.3795742394736070
-0.2287724501226090
-0.4330829448230825
-0.4179660249794084
-0.2096045743471855
-0.2553042754105000
0.2111372881032195
0.1265385730657984
0.0992510911490447
0.3701341954869112
-0.4329332143634867
0.1193589230938839
-0.5495822612417137
-0.2204406264773941
-0.2714737675471076
-0.0890270603587833
-0.1963888455243645
-0.0983034359670231
0.0642419170846272
-0.2421146347453463
0.1688873378313676
0.0380897283867149
-0.0534702541823566
0.2047603857902789
0.4319107256829066
0.4364137866273617
0.0811461349046563
0.0611551928198415
-0.0846436853737809
0.1369423016791627
0.0428206994662682
0.1712450051823131
0.0494054484329707
-0.0460665103360718
0.2096952480763710
-0.4227517318798583
-0.0618238189617788
-0.2441681499872580
-0.4436718904225462
0.1792401262963605
0.1780763303193763
0.2093910636444974
-0.1382758270841928
-0.3781483942532307
0.2404298647955807
-0.5300324113744442
0.1983249821422999
-0.5374724873507077
0.1683900278683239
0.2905746803529334
0.0146381355225412
0.3381517083442502
0.4425270883514558
-0.0892441628567425
0.1233878628086513
-0.1927069166150400
0.1908929248098701
0.3237772893833362
0.1392733529238289
-0.0685866221519017
-0.3792431444942587
0.1552322052947717
0.4629290925104722
-0.3402593574310007
-0.0978972547394253
-0.1314210906135828
-0.0117980025334696
0.0858170468413952
-0.3421924279726797
0.3502260355813249
-0.3509778622890578
-0.0921249199217934
0.2721641002973293
-0.0839299133435948
-0.0909386014902984
-0.2492346589060602
-0.2876531152363743
-0.3233428525398658
-0.1657174202281676
0.4303185006226260
0.0080880794199087
-0.5309417057254848
-0.3075941956188058
0.3506726658210953
-0.2954134002516495
0.0628907987845647
-0.3344743887575776
0.1064857466811502
-0.3367480127967377
-0.5371649826433494
0.3213461070347928
0.5630187769042952
0.4320251176235298
-0.2251043699645864
0.0045858795084717
0.4937427269006823
0.1807223736358824
0.0389555130559969
-0.2009908090466200
-0.2880256308389126
0.1912974817111660
-0.2022596217089203
-0.6184447123827120
0.2279472889179280
0.0274461158574946
0.3040439497857240
0.4755726664884318
0.2290655148972520
-0.6390312185500504
0.0498258594907513
0.2323614318773013
0.2186269911231106
0.2305711125935324
-0.4842910333754027
0.2135730108480419
0.1988615202933571
-0.4110956885696749
-0.0983756392951048
0.3103679017907305
0.4498741288841726
0.2820105465453103
0.5297952014540037
0.1563329858686820
0.5392026750876866
-0.1392502087852883
-0.3624856270936958
-0.3008656175122985
-0.1851770433047001
-0.3567663156590433
0.2069149452470694
0.0247953418182376
0.2365512329095662
-0.1095401506369031
0.3085428330043656
0.0336390250908106
-0.3397702375394642
-0.3582203588445220
0.1685974690145771
0.3194886308679658
-0.2075141266877336
0.6464020113300810
0.3346000789404526
-0.0889949140103087
0.0210511961232075
-0.0791337987403999
0.0296901484107432
-0.1400701441361563
-0.3558132070535579
-0.2934609245034088
0.1406572903449803
-0.4227356737148517
0.4033333901774560
0.1107351522569826
-0.3114445900359471
0.0920363304067870
0.0596948772606979
0.2223679620464056
-0.4106360099660127
0.0766318568942567
0.5250335300069267
0.0327519672507177
0.5837762474851012
0.1593767796321084
-0.0601467154429954
-0.4478368936433915
-0.1769578788902373
0.5687282429356705
-0.2723923118589849
-0.2166448643792200
-0.5041340119286506
0.1417175293889190
0.0506223703765125
0.5734807703267261
0.4010495423722309
-0.0703454361257658
