0.5561995271965382
-0.4034812776805737
0.3183286618915932
0.2494187342151030
0.2887192468619630
0.1113491857076294
0.4701062009258248
0.1801777920956641
0.2854516888465758
0.4770529891388620
-0.1022936310632340
0.2430312722522610
0.1811368423437107
-0.0936552681785583
0.5394168082763650
0.3039311498047613
-0.5640231717807649
-0.1811788825758564
-0.0226283828945756
0.2116128078153706
0.3032449445459179
-0.0214502538466519
0.0625416088818969
-0.4062728842870236
-0.0276208470735778
-0.0496577979965323
0.4046726905548286
0.6296281622968443
-0.0239299585903266
0.1635568901415798
0.1016342115077762
0.4478339073209544
0.3191176940410150
0.3690829065499596
0.0287736359276863
-0.1540203764794319
0.2461778044679128
0.1245195818040081
0.5136105275256948
-0.3336101634213409
-0.0966147439395821
0.1150327249805730
-0.1911944606909505
0.2255249006349291
-0.0142994460453001
0.7723116799202550
-0.0819751853813437
0.2550835710051068
0.2735697545272900
-0.0896492499412053
0.4891484802352007
-0.0023611618432863
0.2269801519596288
0.2055147303807923
0.3048988260690612
0.2076302964451522
0.2883883475053791
0.4724776417363860
0.4727925600165382
-0.3043071761550731
-0.4880970566699850
0.0670721353700333
-0.6320493332335144
0.0565084008127571
-0.2680727938012117
0.2586980243619782
-0.0802790479358716
-0.6575717642628574
-0.2073820445019166
-0.0548102598675249
0.5837178848252524
-0.1100815675779814
0.4500914050840984
-0.2451803235237398
-0.1419164690555783
0.0858497630645997
-0.2301338811797274
-0.0894260810724758
0.4317988955589849
0.1727650563067282
0.0250234352542189
0.0141423044335744
0.0774054123183106
-0.4279550215354113
0.3573901576970198
0.7747044453003507
-0.0642892182673063
0.0458011985778586
0.1223039053192356
-0.0810621850267447
-0.3545244506381363
-0.1999267389899956
-0.1504640052326950
0.2994464434658933
0.2809610265537221
0.6684418511337628
0.2740106363926902
0.2888368182677830
-0.1204526673119686
0.2826356850021504
0.6792117974737523
0.3927341709409323
-0.0783555713936232
0.2914497744341070
-0.1667755944113400
0.4587959876959380
-0.2952683677216428
-0.4228645647679420
-0.2812648788883917
-0.4373144210826075
0.0186128377921651
0.5111927806055320
-0.4078072989220509
-0.1777465164205027
0.0448569516886559
0.1450231663776090
0.0552033959151332
-0.5079869462837965
-0.4514215202326255
0.4166212928216560
-0.1042554602832131
0.2151964559877632
-0.1586807423087393
0.0157796230622015
0.4213197604860434
0.2166675044312255
0.2369940256294348
0.1630561272894543
-0.4711465634751235
-0.1253818479878677
-0.1426816638013188
-0.0484844318003329
0.2617856160037073
-0.3013989405162013
-0.1767841204821095
0.1214121275109071
-0.1239977575914099
0.6116956622223043
0.2217171474282703
0.0258272926457212
-0.0137247478892689
-0.2046256330977931
-0.1644061527581249
0.2652085058644073
-0.3778848647272722
-0.0690890466182726
0.2335065176292833
0.0458688189791952
0.3739960822798215
0.1927540414977023
-0.0181626984437290
0.1124691265762573
0.3353639318415826
-0.1554260317030009
0.7581198487193235
-0.1113153152840722
-0.2698163765165602
0.0522521316339451
0.3040019966757007
0.1256409724033851
-0.0870831936848199
0.6779940654866140
-0.6228992489712259
0.0453510378721877
0.0652633272366952
0.0918943974621768
-0.0639976590623954
-0.5710566062095587
0.3060081444370214
-0.1334986211875174
0.3104115008812408
-0.4402972628537924
-0.2300206758690187
-0.0375710188651895
0.0885765843557412
0.0820774018159425
-0.3444746094999457
0.3277684426875278
-0.4288648470444214
0.3481819031892760
0.0043587995402672
-0.0712646795681838
0.0028651319298731
0.2456147498992018
-0.1360163186290490
-0.1428466124209418
-0.1698673095048213
0.2240201613977078
0.0707452388442618
0.1599224845397426
0.4774241405602857
-0.2705943484866392
-0.0849281087649863
0.6210869181894998
-0.0085881365415143
-0.3692464642472266
-0.0183762844244258
-0.2714534796798617
0.1809909653796679
0.1855154988288726
-0.1688970753539037
0.5101338114215408
-0.2312076712381072
-0.4113731784074106
-0.2107749440400312
0.1708418497753376
0.5692233662846197
-0.0059703029551340
-0.0028894410280879
-0.1869940905429181
0.4418699058751407
0.3458826923480791
0.1191608997694788
0.2888814663536926
-0.2470071268182772
0.3922584173425440
0.2913689427944438
-0.0353344965570917
-0.6776159243086554
0.5821423280717541
-0.0172438109314359
0.1171845183398232
0.1323825624041577
0.0723048799004685
0.1719559140565922
0.2242232561643215
-0.1382311854640718
0.3723663045704020
-0.3275560890065806
0.5486791521331710
0.1510844185631791
0.4499144768559107
-0.0978596644678836
-0.0233672807941683
0.0302497463568313
-0.5750800096358246
-0.0889034934389328
0.2679378653845167
-0.0964986396791494
0.4300615977854532
0.1083813499357600
0.4289767013099005
0.6729888433469702
-0.0016147830866809
0.0344127846541373
-0.0660757293827557
-0.0529362640426847
-0.1108853403183183
0.2827516240030110
-0.1672524588100406
0.6703671160991929
0.4442726032216007
-0.1184740114026441
-0.1543823157163147
-0.0099051380753889
-0.0551811644371270
0.1854626555611563
0.2587729344209951
0.4160295940073150
-0.0183867987033891
-0.2672455820815448
0.0652018930291803
0.1392401574302619
-0.0081640056225261
0.0843537921559550
-0.0452059514276960
0.3027741830543577
-0.5014159391905096
-0.0732630171467221
0.1016314702773312
-0.1184960752699923
0.2629654055443895
-0.0247989067686454
-0.0943849996253830
0.1109453636048583
-0.3451102148795983
0.1998393440539435
-0.1905430181845718
0.3762472768673124
0.6019302154468261
-0.3163816549221609
-0.1144530572981050
-0.0911294293375465
-0.3079920337948593
0.1399125070666463
-0.0217373889616175
0.5037471305909311
-0.1796753248844948
-0.0777739080566291
0.0334483265926140
-0.3494280208144180
0.4119279710362159
0.0033960712045013
-0.4770147647336351
-0.0421232202407915
-0.1853695914961915
0.0029588200575118
0.1391718841636397
0.6775054453478718
-0.1081917884119782
-0.4350589574966653
0.0673964578427335
-0.0538398627861517
-0.0130967060963046
-0.2116188576186327
0.0495424930557361
0.1028796831106459
-0.0638062720486847
0.3408185249780548
0.1443246110937971
-0.1475346811157579
0.6408476299299830
-0.1178372318682585
0.0944745403837869
-0.1009495297022268
-0.0161871448274247
0.2750134855290526
0.3639937393046417
0.2779863999228449
-0.0566986185977483
-0.1675425090673077
-0.0555659812169916
0.2523213924426295
0.2011964580904902
0.3036325928588200
0.0953330419885521
0.1138692462263166
0.0664371385560542
0.1785286952407108
0.1084662056676318
-0.1106191882888194
0.3896920557559162
0.6564370858547875
0.1199322014431818
0.0792942201824083
0.1820927940807113
0.0970249886119685
-0.3505569051459288
0.0857759776758049
-0.3957465157725777
0.4822574176971881
-0.2547344529823914
0.0691082733319991
0.1358614356968336
0.4289118509884828
0.1184381493853750
0.1519362360507054
-0.0057660222813507
-0.1533180060002784
-0.2786208523207350
-0.2352907285972159
0.0731028824545139
0.1650632583620359
0.0848109003157644
0.2161487382299055
0.1083053828662241
-0.0357192926605159
0.2645779592905488
-0.0034477595933783
-0.0423238555936847
-0.1554628155562760
0.1355481381955038
0.4765254476964970
0.1253133979932743
-0.1629558542898949
-0.3045245176140776
0.4545142393326764
-0.0019199649466858
0.1375586257307113
-0.2051570830976107
0.0356540276054862
-0.0348016842318541
-0.2202157262551673
0.2158032698553383
-0.2512237856289057
-0.1234300600797027
-0.0115037318906658
0.4061484563647080
0.3712958986639202
0.2455695911649096
0.2230907226046935
-0.6300875274714536
-0.1385312038854060
0.1697110370260856
-0.0736541470282856
-0.5670372883189556
0.4128578962148013
0.1190660391248581
-0.0536954232421479
-0.3773198370645377
0.4619660177667823
0.2035978405360893
-0.0672566967157612
-0.2210386136432428
-0.2757657284320904
0.1441993817055049
-0.5754664575214581
-0.2032254452356354
0.4478814942533241
-0.0198674165371102
-0.3832454359936930
0.3006953071633200
-0.1963640582996968
-0.0061230996836662
0.4291644365215987
0.5809464913036447
0.1958415785359719
0.1419228709022424
0.3395076067136898
-0.3483656867109711
0.0124028271187425
-0.0550496650183232
-0.1507260313049310
0.0270386844365641
0.2819360413275776
0.1838594636878548
0.1115836455347988
-0.2610831197054252
0.3671028531011019
0.1425990547953020
0.1592378652421300
0.2938292079556941
-0.1546095067484162
-0.3195149404469553
-0.1631731411264944
0.0521814819775550
0.1291007999229792
0.4413258267983978
-0.5186270552590010
0.0221834176289706
-0.1028013152661443
-0.2291927627843696
0.0070904732252821
-0.5271223881212072
0.0171686954157895
-0.0483539282772047
-0.2646667062589701
0.3218342224047563
-0.8007610691810471
-0.1940583098592504
0.0949730052892807
-0.2959684556434489
0.3040907823789640
0.1664230104617515
-0.4394908930853460
0.1188528465013355
0.4290906002275356
0.0501476215208714
-0.4240908819272531
0.1243383112227222
0.3605100601673831
-0.2105992260022699
-0.2183536446889473
0.2238437730901447
0.3102963501356293
-0.1679558221833001
0.0001572862140358
0.5336636459691544
-0.2429645178357070
-0.0731828334028376
-0.1201938269226908
0.2403075353456599
0.0981744891668815
-0.2923299662185261
0.1982261353219806
-0.1607607522732268
-0.0454253729523747
-0.6364470419010191
-0.0250387484661478
0.3243018695018597
-0.2485818477775282
0.1027406046850784
0.4303151521246693
0.0962642330958594
0.0127189085615836
0.0443565622255099
-0.0341790393896828
-0.2345428416740856
0.0576445543888064
-0.2003554340469712
0.2691507472330903
-0.6080914546222214
-0.1603377842789609
0.2273342168577555
-0.1629636454466210
-0.4398566678316149
0.2860225493726588
0.0014276445891677
-0.1988622706838843
0.1688164560071340
0.3239000602642316
0.3186200406947368
0.1473245412207369
0.1989371597570438
0.1507153090183981
0.4901929009205629
0.2637189638198436
-0.0240010170348246
0.5128045336293278
0.2272763765556868
0.1210548267358385
-0.0915948803266033
-0.0274473396304598
0.0857050143363897
-0.2784182291150994
0.1991447279189389
0.1427679319090031
-0.2084996922541030
-0.1423171925072800
-0.1700758383210948
-0.5745269234759506
0.5625144183564721
-0.2139305902892898
0.2334839181971806
0.3326761991209815
0.0129984888806545
