0.1140169255799997
-0.0306598184949240
-0.5602563581007882
0.5222069946305717
0.5221914735523461
0.1431369305911366
0.0710584104774451
0.5811531832593444
0.0963802311691701
0.0220923003020293
-0.0138479349424057
-0.0297369732020597
0.0711949128354852
0.0456517397009932
0.0567646665963149
-0.0877639658664081
-0.4621236198988564
-0.0731205473150818
-0.0760963584371279
0.4922015220596498
-0.0781818972708824
0.4080869910852138
0.1013607042258783
0.0750491703066984
-0.0710518059450184
-0.4084136914970085
0.0826624400870359
0.0097382221841934
-0.1697947267914578
0.0115531913579746
-0.4117767596860572
-0.6596389905480375
-0.0438648363433387
-0.3906537496934367
0.1736963048891043
0.0629706299557989
0.3679335681321257
-0.2165050911672216
0.0906595833970167
0.1410798036478191
-0.0941144159037252
0.0440003495039718
0.3509574821868391
0.2884301306475979
-0.2493185660352485
0.2782799100740063
-0.1292048045249290
-0.3185971429262428
0.2243637034246254
-0.0155191113078882
-0.3210512631079178
0.2799451420170846
0.0342766178511326
-0.3885407324517768
-0.0467187533517273
-0.7335381865360647
0.1516649785643434
0.2316164287253779
-0.1990071671257428
-0.2130487049912369
0.4823847747024084
-0.0619371417892019
0.3907675074747374
0.2599228982459342
0.1755433242063425
-0.3808811444375451
0.1041405915270765
-0.1715478864270276
-0.1995682802120348
-0.1467962837331072
0.0634320792531789
-0.3224765519389703
-0.0054137941579382
-0.1636001839898677
0.0490860252003323
-0.1021750604941653
0.4278663349163797
0.2909504981692665
0.4113145022484752
0.0542650578286031
-0.0460084729206763
-0.2421097564184109
-0.1925533711775608
-0.3750489707524625
0.5004588079285590
0.0835830688070431
-0.1068902747489664
-0.1628004541804221
-0.0247860297585626
-0.3322132232432071
0.2591942235354829
-0.0700639314514908
0.0313082542656812
-0.3310839685001762
-0.2273127067415321
0.2945084334193154
-0.2343042642466787
-0.3875330514642968
-0.0406187092959647
-0.0765225274589119
-0.2967124938095802
-0.1621023010344540
-0.2434303953710149
0.2293220641938837
-0.3480188239598506
-0.0366958030865472
0.2829826650042614
0.5456212444838962
-0.3435117593269780
-0.2031232843677215
0.2443906551733848
-0.2675536371037847
-0.2893277023183179
-0.3380589245266586
-0.0629825236658200
0.2734392131985801
-0.2102272156486200
0.4413590970348276
-0.5702702095588650
0.2209827701970828
-0.0938107557443641
0.2171998882537912
-0.4232828856203791
-0.2434497583457692
0.2479862113164638
-0.0137463051109767
-0.4524383118728916
0.3136607017646847
0.2024329294396653
0.2375174029088251
-0.2455969749539690
-0.1520543101224029
-0.4105308571187892
-0.2432880773116975
-0.0920004423846445
-0.3347591184576902
0.3003908760060480
-0.0336301417087326
0.3116899728928789
-0.5570711568761018
-0.1998036609181708
0.3591906425847545
-0.1960051530884405
-0.1260679393480403
0.2633696871964737
0.1835611748776323
-0.0852172766039071
0.1207516779310645
-0.0440131916634559
0.1483632685793973
0.3842189656821156
0.2917569009850799
-0.0459457109907039
-0.1133690895284093
-0.0728039829528932
0.1221436763882088
0.2780191520204920
0.2717021380584417
0.0606228222659715
-0.1112694089627850
-0.5559267285915630
-0.2658014994412968
0.2529889054820265
-0.4049732693698985
-0.0602020863618854
0.1209319911047300
-0.1421251261434392
-0.4425603607813726
0.2343955164336961
-0.4199103708993855
-0.4410043503411057
-0.1765640950454451
0.1271212382805169
0.5707121297683322
-0.0324457590224903
-0.2227322058417700
-0.1956446473108457
-0.1779206683153746
0.4089515269364810
-0.1321474013271745
0.1225709924279245
0.0845107572596171
-0.0355359051622440
0.2579037940745445
-0.2857386295092062
-0.3136463148871920
0.5681015907941065
-0.3276349210596217
0.2645208736175280
-0.4867347205657234
-0.2598042074261077
0.1078215113270986
0.0308522507734127
-0.0781559298924434
-0.0894413407524118
0.0301560251543803
-0.0527281571658074
-0.1084937945489693
-0.3500049500675788
-0.4385527227745120
-0.3638176477496979
0.3490473156985046
-0.1052613110856256
0.1972060211588726
-0.3985093015386448
-0.0990026831057146
-0.0856204315959377
0.0841838191410895
-0.0638705430663488
0.2894167760989524
0.6511684179316793
-0.1509692511241001
-0.2312997778623203
0.0221106537774355
0.0723132328452557
0.0579685041410379
0.1739728040569961
-0.0488564076920188
-0.2309645008380906
0.2464324225447424
-0.4809596216544201
-0.2450246510852627
0.4349526354522722
0.3889599443748611
-0.6419109290059066
0.1822516274780202
0.0732363397248356
-0.2920402239707995
-0.0916479190512219
0.4425524572056961
-0.0352709687032523
-0.2330577451682567
0.3085639961153658
-0.1924847727639462
0.0606048380996282
-0.4551518088742910
0.0698071483359043
0.5092436142831847
-0.0829562652734452
-0.0096674046189064
0.2039253517060371
-0.3090954324423094
0.5357950832828998
-0.1658191693694676
-0.1604462302155605
0.3694371641207433
0.3197821892688709
-0.2826234411153964
-0.0472619731734936
-0.0640457435924943
-0.5086799074311168
0.4260001495770349
-0.0335034616616088
-0.1503831574818633
0.1011293144914521
0.0725725864406763
-0.3798856297051813
0.4511548272242599
-0.0092441465633895
0.3443368498465980
-0.1490413013224380
-0.0139299737880593
-0.3754873094362021
0.4048140377730944
0.1624204032320903
-0.0472937339368136
-0.2218659293876456
-0.0676182115687134
-0.0767003727930797
0.1341786988560960
0.0985313143545703
0.4976637774916922
0.0764286211319361
0.3286775693062456
0.5084067363524267
-0.1289692394342403
-0.5212909100677386
0.2705378452795387
-0.0102196131094764
-0.3342084114765930
0.5500400750229506
-0.0611463971901437
-0.2028212056834681
0.0340232779747524
-0.4577416738203604
0.2963347781775718
-0.4585669516523569
0.1160767826045792
0.8406381332522145
0.1120193440299028
0.2022065873149201
0.0114138338334700
-0.0149671044219605
0.1783133806947380
-0.0490346267212046
-0.1511528316499553
-0.2479752253580191
0.1101263723168761
0.3280488450418536
0.0126083943177144
-0.1839328029469153
0.3882819016015123
0.7254416957976951
-0.0249652007043749
0.1024659222476727
0.2384364029726372
0.4842098138499232
-0.3708945992366886
0.0461435743498900
-0.2359276309037092
0.2516555407498732
0.2066298465340180
-0.2646966573286988
-0.1820827040445858
-0.0962111223677792
0.0034787445996518
-0.5015460863189644
-0.5017992750451788
-0.4011029774953747
-0.0750979799271301
0.2153315524305734
0.0258718437631594
0.2085131592621997
-0.2026301444311891
-0.2058887167026598
-0.2245345790775350
-0.1926375842201381
0.4059101617624096
0.1614223275198307
-0.2158431139628253
-0.1735094890189135
0.6717519925497824
-0.1448902957482726
-0.2213097631822309
-0.2193058687591720
-0.4369348942544206
-0.3046683050302832
0.2494999957787740
-0.6334591753296277
-0.2161068648776551
0.2844978474594764
0.0930050739764924
0.0134179471751979
0.1060455677516732
0.0912213691748344
0.2819738265949988
0.5299152169755198
0.4575334094730207
-0.2684610482564953
-0.1797459722108881
0.3309469230495707
-0.3078244485512274
0.2154137175371123
-0.4884471156915660
-0.0666111373916905
0.3644062121141893
-0.4736806691458153
0.2866412798338199
0.0088550272992512
0.4848323141287651
0.0333769296032268
0.0160979285904580
0.3387821252638425
0.6914137154794766
0.2042272195090611
0.1928482169147374
0.1703465208672000
-0.3829126434761004
-0.1561888443272249
-0.3451243523132497
0.2595232348549615
-0.0375433852605429
-0.3704137963650860
0.1213856521217977
-0.4664736803531864
-0.2910805343496661
-0.2276237652787584
-0.0731812692528173
0.0849246015057567
0.1963163438441929
0.3999636948604715
-0.0207139819947630
0.2748627064513350
0.1628727680535709
-0.2340714215269118
-0.2680225811174151
-0.3623671481672465
0.1841089403574433
-0.1030805532870895
0.5843323162579139
-0.0706888996960729
0.1135153881594227
0.0235756260589045
-0.7016972399778562
0.0203466762803987
-0.0696639456044541
-0.2853093068856963
0.0576012367896032
0.1748495133591002
-0.5987881673241082
0.0262573863798861
-0.2930077441274381
0.0655878471549632
0.3608211154291788
-0.3789127680677516
0.1820201062575585
0.1795081396484763
0.1607715797288396
0.2503000549267936
0.1982665049660697
0.1895244227399117
-0.0537788149583901
-0.1607815142505229
0.8273619781685166
0.0407923853886053
-0.4102900562865103
-0.4859107869150500
-0.0088360387305115
0.5307505145350149
-0.2102027940110688
-0.1460925633737916
-0.1655332322029991
-0.4943510425589267
0.1724647632005215
-0.3396765432809839
-0.1219460403177355
-0.0090319547993565
-0.2776440085450047
-0.3668133782834168
-0.5092435114428647
0.1848185700608999
-0.1802179756450843
0.2413191266672201
0.1559425799759768
-0.0447184405496851
-0.1444764984028811
0.1409635529536881
0.2755090405031601
0.5719261959866132
0.1288264674619391
-0.2591773829836517
-0.4760991997379252
-0.2388950295919650
-0.0095250473175442
0.2111223228421108
0.3738339389206167
-0.4925815427926244
-0.4325306402840359
-0.2971943457315461
0.1663378538467608
0.0144622080769963
-0.2097099530402028
-0.1792754002194853
-0.1642536411329209
-0.0275416348956851
-0.2825692242374030
0.4311977229269186
0.2408375399640872
-0.2426341591770962
-0.2960204253197912
0.7604077553235816
0.0287386371767660
-0.2599636616067644
-0.1006511827804339
-0.3983773305652526
0.2562951716695719
-0.0909408282052757
-0.2657571518451204
0.4534834186729575
-0.2119057585060222
-0.0860632248434330
0.3705584151668878
0.3865254669606289
-0.4294832933004391
-0.0678702807380171
-0.1880021025355976
-0.5716282019912349
-0.1075273189892749
-0.2670147689583698
0.2025857331821981
-0.0121383160274326
0.1510563632252297
0.0828507724104915
0.4333864636050523
0.1432583325008172
-0.5689792151766736
-0.1913008978621445
-0.0273138785358881
0.0228316021606285
0.2712290562178508
0.0448693409584517
0.1008374631800087
0.3776964492517815
0.1183456378790830
-0.0282589366204240
-0.2070165213291663
0.0855531439796226
-0.6326862211749021
0.1606714609250762
0.0716583167265843
0.1805265866999164
-0.6038346766139937
-0.0230369773464584
0.2988301975135835
0.1030615843568087
-0.0066284289643243
0.3320184653804535
0.3971270432739153
-0.2782200104540812
0.1733699369544394
0.0932329496237753
-0.0871642119009944
0.0797736401528977
0.2593949960410546
0.5302080945676712
-0.0153691575179895
-0.0334219240767619
-0.1540316434170989
-0.6229942862673168
-0.4300587922296514
-0.1224082905363893
0.0039659041168306
-0.2300970726909563
0.4418724195374132
-0.1347465861776659
-0.2228637297975353
-0.4310487941827490
-0.2285833670143549
