-0.3048051171695496
0.1707944692249735
-0.3281995913161328
-0.0780811976866575
0.4980360735903382
-0.6283223818370717
0.3898543413468649
0.1330461139687719
-0.4690470015533325
0.0598802747982186
0.0544099659388803
0.0698007712768114
0.4695510396138576
-0.1017407967318735
-0.2584366412896518
0.6043940424003390
0.3271415926995440
0.0706709262852116
0.4069223042424094
0.3320353107232607
-0.3814551361899010
0.4221143906040706
-0.0325321257657692
0.2934423115282603
0.7309682843092488
0.1751952394999463
-0.0687096080529384
-0.0016561838362095
-0.1370343382545307
-0.0060947175574520
-0.5261883485257045
-0.5177855128498612
0.0436252805289625
0.0601734253251230
0.1099538230244036
-0.0005001133986969
0.1171976206238612
0.4196799806388422
-0.0213843920803051
-0.3970791235190419
0.2189139377103916
-0.4525645965577954
0.1968851760447779
-0.4378350480739807
0.0073769061838607
-0.1540619847883694
-0.2869034679237656
0.1717880356643088
0.2498905578483361
0.1063997896329278
0.0005827591036165
0.2663923983035923
-0.3239495370814768
0.3389970515080126
0.3631054738715218
0.2987780239290594
0.2484461587827687
0.1884963943225269
-0.0297787802000290
0.2687368334637178
0.3908257045693668
0.0259320820533357
-0.1749585509808173
-0.0684143086898219
0.7091630123467733
0.2663649267027539
0.1702115911030397
-0.4242460192374857
-0.0349588381476387
0.3476343852282553
-0.1254118089380337
-0.4864547212643228
-0.1267080285203828
-0.2529478362564323
-0.3322866979620750
0.1811732126780999
0.0368104137889304
-0.6783032723518143
-0.0458715965203895
0.5838244778176122
0.4167766238519819
-0.0936456398946005
-0.4129238679224439
0.0901569204392245
-0.0269507095731286
-0.1243674206473006
-0.0574590631500902
-0.5250718988814336
-0.1267038749801200
0.1858194928573822
-0.0182543857463759
-0.0909108716419293
-0.3327739445547711
0.3402850276893817
-0.0858842260524562
-0.0550420091637101
0.5235662485302038
-0.3191639525376355
0.2427695077497220
-0.3235817981403401
0.0969550594148270
-0.4090869957423309
0.5349386308169121
-0.3997883613573875
0.3526760063200532
-0.1126078500147668
0.1344171752050962
0.2622250656172888
0.1634478513448944
0.1275371082349003
-0.5251300488501494
-0.3952980991047405
0.5082489527099112
0.0279380404819407
0.3272599084500567
-0.1809536426175173
-0.2459056628671759
-0.3493464812320420
-0.6533538209644109
0.0097590239977101
0.0076720340740572
0.0277732963522521
0.2551702400491356
-0.3861522138794911
-0.1686521417257594
0.2362253136032721
-0.1459036488129501
-0.1065125049463296
0.3138526339401950
0.0410569318438606
-0.0709563620733542
-0.3145265866745634
0.0494379582073693
-0.5506420174669522
0.0504020340392176
0.4396785357980852
0.2255406043079002
0.3077883714512857
0.3887459444566171
0.1272170596767324
0.2647484961103244
0.2667736948193330
0.0438146466197257
-0.0468397878477395
-0.2851887323988919
0.4503476396005913
0.5356965793065108
0.0859598629883197
0.1199369651587463
0.2900742870090909
0.3530386222607214
-0.2809054359144739
-0.4230572342687258
0.0058480654125118
0.0828391395486396
0.6136457213418131
-0.5815223254857613
0.3644875284427882
0.0195336078615253
-0.2035035912456524
0.1303824932967713
-0.1025213311191135
0.3632414561697531
-0.5717944439599663
-0.1272756031294058
-0.3133598982252395
0.0026707422205693
-0.0255958716786696
0.1559851250624012
-0.2190634459847944
0.0122284759130693
0.4524006231716703
0.0676628515580305
-0.2260036931253812
-0.0853953585546530
-0.0205037728264712
-0.3058223180484461
-0.4956984462521653
-0.1216229170680666
0.0315196344681513
-0.2782383904153657
-0.3083153106824210
-0.4439071742603949
-0.1987203413798608
-0.0073902983620626
-0.3425226115229162
0.4370276807891221
0.1515606570158815
-0.2184546425220460
0.1174746164845616
-0.4336896062523679
-0.0041926256947850
0.6045033629842707
-0.1903111788059879
-0.1330348607225241
0.2991051216880594
-0.2030126069172459
-0.1153937669655943
0.5486775256213261
0.5460567313231410
0.1597371634022547
0.0491280704472854
0.0537194458338559
-0.2805175182666365
0.0230650650434403
0.4794668234488731
0.2658579149479380
-0.5525234953272508
0.0998815156343175
-0.2435662550876522
0.4626676805045819
-0.3892424407371910
-0.2096714582183640
0.1725160336254136
-0.1029550913012460
0.0775168531625355
0.0859481042949238
0.4689375744548300
-0.5909997945352746
0.2914803630011489
0.3273659535622030
-0.1737520267073622
-0.2989831359946076
0.1824716952230552
-0.1692447314029746
0.0472726621781668
-0.3489211992147425
0.5692414259382731
-0.4881791719269277
0.1603688108881862
-0.1113648116662288
0.3650971303716369
0.3548531678283828
0.4691979864539866
0.0517249112438476
0.6808133541604635
-0.1017706528038789
0.2063644762830616
-0.1397580513231461
-0.0432766072348566
0.5658555325008697
0.2481943333523189
0.1321534199018754
-0.5714374157739460
0.0099899587683234
0.1265315687584563
-0.0209385031411714
-0.0266392240504287
0.0814520396032471
-0.3786074829432423
0.5589696962451710
-0.1416251995826089
0.1221087158018486
0.1484562438025241
-0.2259412054006813
0.1775343247787462
-0.0887504558207535
0.0622875439758906
0.0285199162528010
0.0286869598332028
-0.6197751354382067
0.1549524468174805
-0.3316617602093518
0.1477646772164363
0.2801033332040331
0.2778191598848421
-0.2802465546769937
-0.3347595975863179
0.0750551834706117
0.2572054710796504
-0.2283118783972825
-0.0088775332162891
-0.0579120656392321
0.0043728061285862
-0.0733210476225081
0.2456185443419545
0.2918432712969263
0.2260052930356508
0.5992198128678063
-0.1512740879114048
0.2804464156315003
0.0451628356249543
-0.3054001708569369
-0.2222419718610042
0.0178363310974045
-0.0310340161318238
-0.1154427187746316
0.2603919148770321
-0.0171230075942048
0.0356066032659144
-0.1899927799794922
-0.4390155676155758
0.1568535394559084
-0.2414860165354302
0.4170989343946165
-0.0777749635511035
0.1137373055308158
-0.0517399922887098
-0.2971224261653139
0.3571236244406010
-0.0028071496838357
-0.4527745061052231
0.0820415127138021
-0.1066685775900971
-0.3942126100422107
-0.2426616459043009
-0.0191733015726575
0.1941830182862194
0.3992287197511354
0.4486063780675203
-0.0236663307673355
0.0005238487205327
-0.1081440035320180
-0.4844811100515122
-0.2238165049499635
0.1692940618657056
-0.5418790320103593
0.1229560532297653
-0.1330682192065126
0.2038626644528542
0.3446234354529530
0.6468826744441480
0.1043689184423351
0.1674028854558156
0.2226060201206455
-0.6768893480010596
0.2432052020688207
0.0412197064513132
0.1327256389540149
-0.1494218925877241
-0.1278855301499948
-0.1009757662163074
-0.2458240057253510
-0.1252136515899754
-0.2362431404345576
-0.2809978565627499
0.2304805574988834
-0.1898289821883150
0.1033280135786156
0.3202968238269581
-0.3688352245488902
0.2795402280903070
0.1138363899947586
0.2286555300677915
0.4094489575794680
-0.1156888867003259
-0.0536142138932372
-0.2571478616334326
-0.2075705822153915
-0.1863362535427556
-0.1161264430301910
0.2417549215639132
0.2155434387879470
-0.3158189541627968
-0.3984045525687857
0.4088896297903805
-0.0851702103074449
0.4337066775315655
-0.1703293070895093
-0.3223928792183921
0.2667275207697811
0.4582725750341647
0.0251331760966186
0.3368091118543542
-0.5734607174335252
-0.1742908412515713
-0.0741503148381394
0.1517934640304887
0.2840073652917876
0.0748368965002602
-0.4074438743133252
-0.0529840253469843
0.1625242970180765
0.2998534877808577
0.2501447437183505
0.1689438239056315
0.2158462959800423
0.2758419454077609
0.0950783358410797
-0.3404054558328637
0.1372621544186150
0.1397675658821937
0.2151649172175055
0.2373011190436428
0.1251681327382581
0.0456576385232214
0.3968113390092004
-0.1859550130804759
-0.0735517835317299
-0.1883551611231881
0.0542830156704813
-0.3679389485680112
0.3488946795500061
0.0136611596563737
-0.4116487075834541
-0.5205804046410881
-0.0518325351411832
0.0494137683904099
-0.1234638136968681
-0.3915919662235958
-0.7053090489790342
0.3033801525228869
-0.1353161925949433
0.0180196998739711
-0.2321899125470320
0.3830565889719964
0.3655168130431441
-0.0026838771486905
-0.3241952181501453
-0.1533653938321888
-0.6489026244101999
-0.2299643575192529
0.2483387989259130
0.1518712834182111
0.3793506181546808
0.1904138421279798
-0.3297921034092602
-0.0348625565818520
0.0330183211010197
-0.1781396589161551
0.1722885544998851
-0.0451726257495749
-0.1655248551106442
0.1121843527719559
0.0320571520600743
0.4016036227105895
0.0593821033700389
-0.3393540055477721
0.2369285860836025
0.2312713473963756
0.4196944080498899
0.2349952610845425
0.3569193978599999
-0.0084986946131680
-0.4255297507968840
0.1672985533671209
0.2512974794833073
-0.1623960884749958
0.5807713837349814
0.1685343829555091
-0.1059080222766659
-0.0276156805985243
0.3993648949854544
-0.3606069389073505
-0.0394560233782191
0.1362501643433575
0.3374652898542455
-0.5248790545172005
0.2021876633561905
0.4322913217791728
0.0521659152287686
-0.0334770263753776
0.0823691706219588
0.5653997284775006
0.3748312328743865
0.0529469316337275
-0.2518004871237745
0.0231069173280665
-0.4921839388903556
0.4484324340315911
0.0708735820990556
-0.1552805437038552
0.1137134723383213
-0.0972970512565625
0.2775391914978712
0.3572441238859519
-0.0168983795819840
-0.4575270038779738
-0.0607949556094952
0.0349622671490226
0.0085038047585636
0.0333889146340490
-0.3524452716978934
-0.4011813092008789
-0.2305748608330927
0.2075789368911726
-0.4636450687998256
0.0856669774425125
0.0156763580373273
0.0742359470710437
-0.0840584618005545
-0.1197978680718654
0.0440278186141252
-0.2761763520511265
0.6632851331903784
0.0672315089577153
0.1663857749348028
-0.1565634616634460
0.2052314829933005
0.0581234113766533
-0.2798544330581708
-0.1584220352325077
0.1050197866649421
0.3850159868021257
-0.2320821303158656
-0.0327342624401530
-0.2421818542387406
-0.3574922565792936
0.0124252527785710
0.0785323796113925
0.2650986940365603
0.3055398896809882
-0.1456696608530685
-0.2302695596131376
0.0371899770572525
-0.1336850435445262
-0.3603681193284003
-0.2796132999301419
-0.2214398096284493
0.4279366967099995
0.2939874405645150
-0.1197255700187718
0.0096493832913083
-0.1718805067070578
0.2810788483500852
-0.2206527589302649
0.2794303619540467
0.3977846022714002
-0.0871499815501565
0.1779420050562447
0.1890699319763040
0.4528236067650188
-0.0651951986621556
-0.2961794473594039
0.3928450448826684
0.1044639947072561
0.3511011738870614
0.6987426494319029
-0.3133550092548782
0.1528663121276930
-0.1166320878813407
0.0439878437162942
-0.3800400482374402
0.4205596112573282
0.1551847777648171
0.3876232060249039
-0.4953947889008348
-0.3197242637543246
-0.2297748711416830
0.0848435290096703
