0.2728972116133630
0.0991868178601843
-0.1451233587196670
0.5413527460347873
0.7090096107368509
-0.0436755303202207
-0.4725384152503253
-0.1461899107274062
0.5989737614279459
-0.1081795083543460
0.2130719104778181
0.1108812384520785
0.5746631518118898
0.4487363319723286
-0.3159958087174431
-0.1284711923170185
0.1855177387139271
0.1750936829455070
-0.2285361276091218
-0.3005602468742975
-0.0136028100942158
0.3439771905295922
0.5672094640853690
0.1820200540526603
-0.2959260672522013
0.1238581676741148
-0.0457565061673832
0.0997269271806612
-0.3396303858141024
0.5501954903138792
-0.2589983945079902
0.5886105743006320
-0.1800675059111113
-0.0832596228392127
0.3948944798077447
-0.4743696099435725
0.0588357883394623
0.4810812075738201
-0.3760393450927683
-0.0744792490807507
-0.1406414216652557
-0.0777590383041832
0.2826307102044938
-0.3611780339810016
0.1187399400732740
0.5446582240398889
-0.0125401426130918
-0.2578383622919780
0.2317407973822970
-0.1680214285146987
0.0165640588551973
-0.1524640810384550
0.3857173800989968
0.6778400082410307
0.4742472279097709
0.2712567502886433
0.0986918286314604
-0.4000332050556766
-0.2560771677512587
0.5244962385080904
-0.1057403086278912
-0.2405546553586111
0.6402956760006908
-0.0878482837747069
-0.1897161504495419
0.2604013046523595
-0.1577984065980955
0.4736321310385986
0.5640016206101294
-0.4667831458079406
-0.0976731799815291
-0.2946709174070739
0.1664981695241729
-0.2406045918623387
0.5639985867273221
-0.3518432972678360
-0.0872095991860006
-0.1895766517017938
0.1287325188382545
0.0671342818581565
0.6402876465029788
0.3226985466056832
0.1690340081674946
0.3111066688887172
-0.5136029306084645
-0.3429539724636185
0.0124400396381073
-0.4418651317751110
0.1214265372785860
0.5245046595995422
-0.1303241367305558
0.2408048866761849
-0.1443813821876742
-0.1080606544643997
-0.2615900020449495
0.6778444996784702
-0.3461053815264362
0.4229339347793772
0.4377712308368723
0.5446548932580313
-0.0236092699529588
-0.3033814960606463
0.4685400545741519
0.4811123766359773
0.1829487028534752
-0.0310561368116620
-0.0146188425768799
-0.3050727918738190
-0.1020613001495639
0.5886408753712458
0.2334488476370325
0.1879361291280679
0.4297579681879086
0.4157848241188894
0.2750447529289940
0.2268113197196349
-0.1490317228160123
0.2799948881807212
0.0927496873551423
0.5502094958409197
0.1887634363539295
-0.1679707736987479
0.0794007167812423
-0.3112310169643688
0.5671682655148870
-0.2763218943571644
0.5746269547381142
-0.0952388916058697
0.3203527389863048
-0.2577769680893582
0.0228825092406111
-0.1771228322362950
0.4538479942265465
0.3074060665636944
0.5989865662627513
-0.0760967926757004
0.2119727012941209
0.0394381958966606
0.1326919686279917
0.0417900941502348
0.2020059451465235
-0.5493686620019684
0.7090409189767561
0.1524490508625087
-0.0286463581658369
0.1586687500687132
-0.1481103081561383
0.0967395066086654
0.0000000000000000
-0.1991776606435553
-0.2792559515512079
0.2829642874405137
-0.0000000000000000
0.0105555464381629
0.3774835229608478
0.1628231894446585
-0.0000000000000000
0.2261484275755745
-0.0778258098653623
-0.4671082784871207
0.1016025352404033
-0.0353829305705979
0.3897085586979602
-0.3549572956025476
-0.0845397268129240
-0.2256039233804653
0.0000000000000001
0.2194539086589129
0.0143151325636829
0.3627566605341375
-0.2768153622105244
-0.4036232253246155
-0.3092703543344619
-0.0000000000000000
-0.0327175056639980
-0.0000000000000000
-0.1999297349994698
-0.2531268996964325
0.1731553447748569
-0.1761659447080555
0.4703633608389076
-0.0000000000000000
-0.1059599216864300
0.2175693167861251
0.3618782118463445
0.4260968816630641
0.2104724694822960
0.2230378077830401
0.4664248005519951
-0.0000000000000000
-0.2734104937938042
-0.1610303138936418
-0.2715776403927890
0.1764484072478992
-0.4136418901189912
-0.0546221164205058
0.0856079447720908
0.0000000000000000
0.2001320319004377
-0.2289520942227949
-0.2038026403091591
0.1893285045779356
-0.1456646474614162
0.0000000000000000
0.3653514600207777
0.0166879921550940
-0.0000000000000000
-0.4849536362959828
0.0826019663662785
-0.1835544099645565
0.1430836157334686
-0.1438466568669934
0.0000000000000000
0.0759879564610091
-0.1613068652704542
-0.2132090014863905
0.1328188954526447
0.4326202762873231
0.0000000000000000
0.3159184361438857
-0.1672489547434897
0.3104464907096284
0.3579080308905921
-0.2315872400479669
0.0000000000000000
0.3725126183307264
-0.1192721188333066
0.0688197044994099
0.0343197827170843
0.0916434315977693
0.2260816219580566
0.0242094821603668
-0.2684588356256234
-0.0000000000000000
-0.3323481279268503
-0.0369261620270265
0.3880157274648986
0.1206520206406902
0.2960930732642204
-0.0000000000000000
-0.0663388157110429
0.0373034390416911
-0.2000041302034157
-0.0000000000000000
-0.2725926989310153
0.0186226198269108
-0.0716613093949048
-0.0000000000000000
0.3451419203118473
0.2278789013982745
-0.3879915436349915
0.3075040615055917
-0.2402831980993657
-0.0000000000000000
0.1338513303012251
-0.1889343240027301
-0.0344138431473123
0.2883841903986339
0.1101778027777768
0.3090971424944992
0.2376951858541740
0.3071746422898615
-0.4499232929456635
0.0000000000000000
-0.4104813250552253
0.4337615662301603
-0.0322663254026234
-0.2688875022621586
0.0000000000000000
0.0704678269797446
-0.0000000000000000
-0.4934480780475437
-0.0576136367803702
-0.4100946575315385
-0.2102614808852479
0.0237615546697065
-0.3087244631144297
-0.0831827227260600
0.0000000000000000
0.0777256196390125
0.3780955339966006
-0.1929570374623372
0.2401291156603458
-0.1823201638807206
0.0471761632669468
0.0246888013054175
-0.0000000000000000
-0.1353388388456401
